114,514,114,0,0,114,514,114,514,0,0,19,19,810,0,1,-4,-1,0,0,19,19,810,0.1,0.1,0.1,0.1,0.1,0.1,3500,0,0
114,514,114,0,0,114,514,114,514,0,0,19,19,810,0,1,-4,-1,0,0,19,19,810,0.1,0.1,0.1,0.1,0.1,0.1,3500,0,0
114,514,114,0,0,114,514,114,514,0,0,19,19,810,0,1,-4,0,0,-1,19,19,810,0.1,0.1,0.1,0.1,0.1,0.1,3500,0,0
114,514,114,0,0,114,514,114,514,0,0,19,19,810,0,1,-4,-2,-1,-1,19,19,810,0.1,0.1,0.1,0.1,0.1,0.1,3500,0,0
114,514,114,0,0,114,514,114,514,0,0,19,19,810,0,1,-4,0,-2,0,19,19,810,0.1,0.1,0.1,0.1,0.1,0.1,3500,0,0
114,514,114,0,0,114,514,114,514,0,0,19,19,810,0,1,-4,0,-4,-4,19,19,810,0.1,0.1,0.1,0.1,0.1,0.1,3500,0,0
114,514,114,0,0,114,514,114,514,0,0,19,19,810,0,0,-4,1,-7,-11,19,19,810,0.1,0.1,0.1,0.1,0.1,0.1,3500,0,0
114,514,114,0,0,114,514,114,514,0,0,19,19,810,0,0,-4,38,35,-11,19,19,810,0.1,0.1,0.1,0.1,0.1,0.1,3500,0,0
114,514,114,0,0,114,514,114,514,0,0,19,19,810,0,0,-4,-1,8,28,19,19,810,0.1,0.1,0.1,0.1,0.1,0.1,3500,0,0
114,514,114,0,0,114,514,114,514,0,0,19,19,810,0,1,-4,-1,9,-10,19,19,810,0.1,0.1,0.1,0.1,0.1,0.1,3500,0,0
114,514,114,0,0,114,514,114,514,0,0,19,19,810,0,0,-4,-8,0,3,19,19,810,0.1,0.1,0.1,0.1,0.1,0.1,3500,0,0
114,514,114,0,0,114,514,114,514,0,0,19,19,810,0,0,-4,-4,0,-4,19,19,810,0.1,0.1,0.1,0.1,0.1,0.1,3500,0,0
114,514,114,0,0,114,514,114,514,0,0,19,19,810,0,0,-4,-6,-5,2,19,19,810,0.1,0.1,0.1,0.1,0.1,0.1,3500,0,0
114,514,114,0,0,114,514,114,514,0,0,19,19,810,0,1,-4,-5,0,0,19,19,810,0.1,0.1,0.1,0.1,0.1,0.1,3500,0,0
114,514,114,0,0,114,514,114,514,0,0,19,19,810,0,0,-4,-7,-3,1,19,19,810,0.1,0.1,0.1,0.1,0.1,0.1,3500,0,0
114,514,114,0,0,114,514,114,514,0,0,19,19,810,0,1,-4,-2,-4,2,19,19,810,0.1,0.1,0.1,0.1,0.1,0.1,3500,0,0
114,514,114,0,0,114,514,114,514,0,0,19,19,810,0,1,-4,-10,-2,-6,19,19,810,0.1,0.1,0.1,0.1,0.1,0.1,3500,0,0
114,514,114,0,0,114,514,114,514,0,0,19,19,810,0,1,-4,4,0,1,19,19,810,0.1,0.1,0.1,0.1,0.1,0.1,3500,0,0
114,514,114,0,0,114,514,114,514,0,0,19,19,810,0,0,-4,-3,-2,20,19,19,810,0.1,0.1,0.1,0.1,0.1,0.1,3500,0,0
114,514,114,0,0,114,514,114,514,0,0,19,19,810,0,0,-4,-2,-2,6,19,19,810,0.1,0.1,0.1,0.1,0.1,0.1,3500,0,0
114,514,114,0,0,114,514,114,514,0,0,19,19,810,0,1,-4,-1,1,-13,19,19,810,0.1,0.1,0.1,0.1,0.1,0.1,3500,0,0
114,514,114,0,0,114,514,114,514,0,0,19,19,810,0,1,-4,12,-2,-5,19,19,810,0.1,0.1,0.1,0.1,0.1,0.1,3500,0,0
114,514,114,0,0,114,514,114,514,0,0,19,19,810,0,1,-4,-7,7,-2,19,19,810,0.1,0.1,0.1,0.1,0.1,0.1,3500,0,0
114,514,114,1,0,114,514,114,514,0,0,19,19,810,0,0,-4,0,16,0,19,19,810,0.1,0.1,0.1,0.1,0.1,0.1,3500,0,0
114,514,114,88,0,114,514,114,514,0,0,19,19,810,0,1,-3,-8,-4,1,19,19,810,0.1,0.1,0.1,0.1,0.1,0.1,3500,0,0
114,514,114,103,0,114,514,114,514,0,0,19,19,810,0,1,-4,-1,7,-7,19,19,810,0.1,0.1,0.1,0.1,0.1,0.1,3500,0,0
114,514,114,3,0,114,514,114,514,0,0,19,19,810,0,1,-4,8,15,2,19,19,810,0.1,0.1,0.1,0.1,0.1,0.1,3500,0,0
114,514,114,-156,0,114,514,114,514,0,0,19,19,810,0,1,-4,3,6,-1,19,19,810,0.1,0.1,0.1,0.1,0.1,0.1,3500,0,0
114,514,114,-69,0,114,514,114,514,0,0,19,19,810,0,1,-4,-15,-1,-26,19,19,810,0.1,0.1,0.1,0.1,0.1,0.1,3500,0,0
114,514,114,1,0,114,514,114,514,0,0,19,19,810,0,0,-4,-10,0,-14,19,19,810,0.1,0.1,0.1,0.1,0.1,0.1,3500,0,0
114,514,114,0,0,114,514,114,514,0,0,19,19,810,0,1,-4,-4,-1,-9,19,19,810,0.1,0.1,0.1,0.1,0.1,0.1,3500,0,0
114,514,114,0,0,114,514,114,514,0,0,19,19,810,0,1,-4,-7,-19,-2,19,19,810,0.1,0.1,0.1,0.1,0.1,0.1,3500,0,0
114,514,114,0,17,114,514,114,514,0,0,19,19,810,0,0,-4,-6,-16,-3,19,19,810,0.1,0.1,0.1,0.1,0.1,0.1,3500,0,0
114,514,114,0,70,114,514,114,514,0,0,19,19,810,0,1,-4,3,5,-3,19,19,810,0.1,0.1,0.1,0.1,0.1,0.1,3500,0,0
114,514,114,0,56,114,514,114,514,0,0,19,19,810,0,1,-3,-1,9,-26,19,19,810,0.1,0.1,0.1,0.1,0.1,0.1,3500,0,0
114,514,114,0,20,114,514,114,514,0,0,19,19,810,0,1,-3,-1,-22,1,19,19,810,0.1,0.1,0.1,0.1,0.1,0.1,3500,0,0
114,514,114,0,73,114,514,114,514,0,0,19,19,810,0,1,-4,2,-3,0,19,19,810,0.1,0.1,0.1,0.1,0.1,0.1,3500,0,0
114,514,114,0,-67,114,514,114,514,0,0,19,19,810,0,1,-3,3,2,8,19,19,810,0.1,0.1,0.1,0.1,0.1,0.1,3500,0,0
114,514,114,0,-89,114,514,114,514,0,0,19,19,810,0,1,-4,-8,3,0,19,19,810,0.1,0.1,0.1,0.1,0.1,0.1,3500,0,0
114,514,114,0,4,114,514,114,514,0,0,19,19,810,0,1,-4,-4,3,5,19,19,810,0.1,0.1,0.1,0.1,0.1,0.1,3500,0,0
114,514,114,0,0,114,514,114,514,0,0,19,19,810,0,1,-4,-3,-11,-3,19,19,810,0.1,0.1,0.1,0.1,0.1,0.1,3500,0,0
114,514,114,0,0,114,514,114,514,0,0,19,19,810,0,1,-4,-3,-7,8,19,19,810,0.1,0.1,0.1,0.1,0.1,0.1,3500,0,0
114,514,114,18,0,114,514,114,514,0,0,19,19,810,0,0,-4,20,24,-8,19,19,810,0.1,0.1,0.1,0.1,0.1,0.1,3500,0,0
114,514,114,171,0,114,514,114,514,0,0,19,19,810,0,1,-4,-11,-5,4,19,19,810,0.1,0.1,0.1,0.1,0.1,0.1,3500,0,0
114,514,114,-2,0,114,514,114,514,0,0,19,19,810,0,1,-4,1,6,0,19,19,810,0.1,0.1,0.1,0.1,0.1,0.1,3500,0,0
114,514,114,-109,0,114,514,114,514,0,0,19,19,810,0,0,-4,-5,2,0,19,19,810,0.1,0.1,0.1,0.1,0.1,0.1,3500,0,0
114,514,114,-147,0,114,514,114,514,0,0,19,19,810,0,1,-4,-10,-15,-18,19,19,810,0.1,0.1,0.1,0.1,0.1,0.1,3500,0,0
114,514,114,-1,0,114,514,114,514,0,0,19,19,810,0,1,-4,-6,0,-3,19,19,810,0.1,0.1,0.1,0.1,0.1,0.1,3500,0,0
114,514,114,0,0,114,514,114,514,0,0,19,19,810,0,1,-4,-2,0,0,19,19,810,0.1,0.1,0.1,0.1,0.1,0.1,3500,0,0
114,514,114,0,24,114,514,114,514,0,0,19,19,810,0,1,-4,9,-10,-4,19,19,810,0.1,0.1,0.1,0.1,0.1,0.1,3500,0,0
114,514,114,0,115,114,514,114,514,0,0,19,19,810,0,1,-3,10,2,2,19,19,810,0.1,0.1,0.1,0.1,0.1,0.1,3500,0,0
114,514,114,0,18,114,514,114,514,0,0,19,19,810,0,1,-3,-12,0,-5,19,19,810,0.1,0.1,0.1,0.1,0.1,0.1,3500,0,0
114,514,114,0,1,114,514,114,514,0,0,19,19,810,0,1,-4,2,7,3,19,19,810,0.1,0.1,0.1,0.1,0.1,0.1,3500,0,0
114,514,114,0,64,114,514,114,514,0,0,19,19,810,0,1,-4,5,11,0,19,19,810,0.1,0.1,0.1,0.1,0.1,0.1,3500,0,0
114,514,114,0,1,114,514,114,514,0,0,19,19,810,1,1,-4,-17,-1,-7,19,19,810,0.1,0.1,0.1,0.1,0.1,0.1,3500,0,0
114,514,114,0,0,114,514,114,514,0,0,19,19,810,2,2,-3,-47,1,54,19,19,810,0.1,0.1,0.1,0.1,0.1,0.1,3500,0,0
114,514,114,0,0,114,514,114,514,0,0,19,19,810,0,1,-4,1,6,-15,19,19,810,0.1,0.1,0.1,0.1,0.1,0.1,3500,0,0
114,514,114,0,0,114,514,114,514,0,0,19,19,810,0,1,-4,-7,-17,8,19,19,810,0.1,0.1,0.1,0.1,0.1,0.1,3500,0,0
114,514,114,0,0,114,514,114,514,0,0,19,19,810,0,1,-4,5,-12,14,19,19,810,0.1,0.1,0.1,0.1,0.1,0.1,3500,0,0
114,514,114,0,0,114,514,114,514,0,0,19,19,810,0,1,-3,-4,19,10,19,19,810,0.1,0.1,0.1,0.1,0.1,0.1,3500,0,0
114,514,114,0,0,114,514,114,514,0,0,19,19,810,0,1,-3,-15,-11,-2,19,19,810,0.1,0.1,0.1,0.1,0.1,0.1,3500,0,0
114,514,114,0,0,114,514,114,514,0,0,19,19,810,0,1,-3,-6,1,-19,19,19,810,0.1,0.1,0.1,0.1,0.1,0.1,3500,0,0
114,514,114,0,0,114,514,114,514,0,0,19,19,810,1,1,-4,15,-5,-28,19,19,810,0.1,0.1,0.1,0.1,0.1,0.1,3500,0,0
114,514,114,0,0,114,514,114,514,0,0,19,19,810,1,1,-4,4,5,5,19,19,810,0.1,0.1,0.1,0.1,0.1,0.1,3500,0,0
114,514,114,0,0,114,514,114,514,0,0,19,19,810,0,1,-3,5,11,-9,19,19,810,0.1,0.1,0.1,0.1,0.1,0.1,3500,0,0
114,514,114,0,0,114,514,114,514,0,0,19,19,810,0,1,-4,-28,-21,0,19,19,810,0.1,0.1,0.1,0.1,0.1,0.1,3500,0,0
114,514,114,1,0,114,514,114,514,0,0,19,19,810,1,1,-4,-7,-26,-9,19,19,810,0.1,0.1,0.1,0.1,0.1,0.1,3500,0,0
114,514,114,-1,-1,114,514,114,514,0,0,19,19,810,0,1,-3,34,-39,-32,19,19,810,0.1,0.1,0.1,0.1,0.1,0.1,3500,0,0
114,514,114,0,0,114,514,114,514,0,0,19,19,810,0,1,-3,-10,-6,-6,19,19,810,0.1,0.1,0.1,0.1,0.1,0.1,3500,0,0
114,514,114,0,0,114,514,114,514,0,0,19,19,810,0,1,-3,-19,-4,-8,19,19,810,0.1,0.1,0.1,0.1,0.1,0.1,3500,0,0
114,514,114,0,0,114,514,114,514,0,0,19,19,810,0,1,-3,16,-7,-10,19,19,810,0.1,0.1,0.1,0.1,0.1,0.1,3500,0,0
114,514,114,0,0,114,514,114,514,0,0,19,19,810,0,2,-3,-16,10,-27,19,19,810,0.1,0.1,0.1,0.1,0.1,0.1,3500,0,0
114,514,114,0,0,114,514,114,514,0,0,19,19,810,0,1,-3,2,-11,-4,19,19,810,0.1,0.1,0.1,0.1,0.1,0.1,3500,0,0
114,514,114,0,0,114,514,114,514,0,0,19,19,810,0,2,-4,-11,6,-3,19,19,810,0.1,0.1,0.1,0.1,0.1,0.1,3500,0,0
114,514,114,0,0,114,514,114,514,0,0,19,19,810,0,1,-3,-4,9,0,19,19,810,0.1,0.1,0.1,0.1,0.1,0.1,3500,0,0
114,514,114,0,0,114,514,114,514,0,0,19,19,810,0,2,-3,-27,-59,4,19,19,810,0.1,0.1,0.1,0.1,0.1,0.1,3500,0,0
114,514,114,0,0,114,514,114,514,0,0,19,19,810,0,2,-2,27,54,2,19,19,810,0.1,0.1,0.1,0.1,0.1,0.1,3500,0,0
114,514,114,0,0,114,514,114,514,0,0,19,19,810,0,2,-2,31,31,8,19,19,810,0.1,0.1,0.1,0.1,0.1,0.1,3500,0,0
114,514,114,0,0,114,514,114,514,0,0,19,19,810,0,3,-3,36,-27,-22,19,19,810,0.1,0.1,0.1,0.1,0.1,0.1,3500,0,0
114,514,114,0,0,114,514,114,514,0,0,19,19,810,0,2,-3,-29,-12,21,19,19,810,0.1,0.1,0.1,0.1,0.1,0.1,3500,0,0
114,514,114,0,0,114,514,114,514,0,0,19,19,810,0,1,-4,42,-3,22,19,19,810,0.1,0.1,0.1,0.1,0.1,0.1,3500,0,0
114,514,114,0,0,114,514,114,514,0,0,19,19,810,0,0,-3,16,-9,58,19,19,810,0.1,0.1,0.1,0.1,0.1,0.1,3500,0,0
114,514,114,0,0,114,514,114,514,0,0,19,19,810,0,1,-3,-13,-22,-68,19,19,810,0.1,0.1,0.1,0.1,0.1,0.1,3500,0,0
114,514,114,0,0,114,514,114,514,0,0,19,19,810,0,1,-3,14,-2,-1,19,19,810,0.1,0.1,0.1,0.1,0.1,0.1,3500,0,0
114,514,114,0,0,114,514,114,514,0,0,19,19,810,-1,1,-4,-12,0,-1,19,19,810,0.1,0.1,0.1,0.1,0.1,0.1,3500,0,0
114,514,114,0,0,114,514,114,514,0,0,19,19,810,0,2,-3,77,69,66,19,19,810,0.1,0.1,0.1,0.1,0.1,0.1,3500,0,0
114,514,114,0,0,114,514,114,514,0,0,19,19,810,0,0,-4,11,-9,36,19,19,810,0.1,0.1,0.1,0.1,0.1,0.1,3500,0,0
114,514,114,0,0,114,514,114,514,0,0,19,19,810,-1,0,-4,-40,-1,5,19,19,810,0.1,0.1,0.1,0.1,0.1,0.1,3500,0,0
114,514,114,0,0,114,514,114,514,0,0,19,19,810,-1,0,-3,-1,0,2,19,19,810,0.1,0.1,0.1,0.1,0.1,0.1,3500,0,0
114,514,114,0,0,114,514,114,514,0,0,19,19,810,-2,0,-4,9,-8,-8,19,19,810,0.1,0.1,0.1,0.1,0.1,0.1,3500,0,0
114,514,114,0,0,114,514,114,514,0,0,19,19,810,-1,0,-4,-9,-1,0,19,19,810,0.1,0.1,0.1,0.1,0.1,0.1,3500,0,0
114,514,114,0,0,114,514,114,514,0,0,19,19,810,-2,1,-3,-9,10,4,19,19,810,0.1,0.1,0.1,0.1,0.1,0.1,3500,0,0
114,514,114,0,0,114,514,114,514,0,0,19,19,810,-2,0,-3,4,0,-1,19,19,810,0.1,0.1,0.1,0.1,0.1,0.1,3500,0,0
114,514,114,0,0,114,514,114,514,0,0,19,19,810,-1,1,-3,-63,-23,-39,19,19,810,0.1,0.1,0.1,0.1,0.1,0.1,3500,0,0
114,514,114,0,0,114,514,114,514,0,0,19,19,810,-1,1,-3,20,52,51,19,19,810,0.1,0.1,0.1,0.1,0.1,0.1,3500,0,0
114,514,114,0,0,114,514,114,514,0,0,19,19,810,-2,4,-2,-58,-51,-122,19,19,810,0.1,0.1,0.1,0.1,0.1,0.1,3500,0,0
114,514,114,0,0,114,514,114,514,0,0,19,19,810,-2,1,-3,-93,-43,-10,19,19,810,0.1,0.1,0.1,0.1,0.1,0.1,3500,0,0
114,514,114,0,0,114,514,114,514,0,0,19,19,810,-2,0,0,21,-130,-32,19,19,810,0.1,0.1,0.1,0.1,0.1,0.1,3500,0,0
114,514,114,0,0,114,514,114,514,0,0,19,19,810,-2,1,-1,-25,-43,-34,19,19,810,0.1,0.1,0.1,0.1,0.1,0.1,3500,0,0
114,514,114,0,0,114,514,114,514,0,0,19,19,810,-2,0,-3,-1,-37,-15,19,19,810,0.1,0.1,0.1,0.1,0.1,0.1,3500,0,0
114,514,114,0,0,114,514,114,514,0,0,19,19,810,-1,1,-3,5,17,13,19,19,810,0.1,0.1,0.1,0.1,0.1,0.1,3500,0,0
114,514,114,0,0,114,514,114,514,0,0,19,19,810,-2,0,-3,-8,-15,-11,19,19,810,0.1,0.1,0.1,0.1,0.1,0.1,3500,0,0
114,514,114,0,0,114,514,114,514,0,0,19,19,810,-2,0,-3,27,12,-9,19,19,810,0.1,0.1,0.1,0.1,0.1,0.1,3500,0,0
114,514,114,0,0,114,514,114,514,0,0,19,19,810,-2,0,-3,29,4,-20,19,19,810,0.1,0.1,0.1,0.1,0.1,0.1,3500,0,0
114,514,114,0,0,114,514,114,514,0,0,19,19,810,-2,0,-3,-8,-13,-7,19,19,810,0.1,0.1,0.1,0.1,0.1,0.1,3500,0,0
114,514,114,0,0,114,514,114,514,0,0,19,19,810,-2,0,-3,-11,0,-49,19,19,810,0.1,0.1,0.1,0.1,0.1,0.1,3500,0,0
114,514,114,0,0,114,514,114,514,0,0,19,19,810,-2,0,-3,0,-3,1,19,19,810,0.1,0.1,0.1,0.1,0.1,0.1,3500,0,0
114,514,114,0,0,114,514,114,514,0,0,19,19,810,-2,0,-3,-4,7,0,19,19,810,0.1,0.1,0.1,0.1,0.1,0.1,3500,0,0
114,514,114,0,0,114,514,114,514,0,0,19,19,810,-2,0,-3,2,33,21,19,19,810,0.1,0.1,0.1,0.1,0.1,0.1,3500,0,0
114,514,114,0,0,114,514,114,514,0,0,19,19,810,-1,0,-3,8,15,13,19,19,810,0.1,0.1,0.1,0.1,0.1,0.1,3500,0,0
114,514,114,0,0,114,514,114,514,0,0,19,19,810,-2,0,-3,-7,-4,-1,19,19,810,0.1,0.1,0.1,0.1,0.1,0.1,3500,0,0
114,514,114,0,0,114,514,114,514,0,0,19,19,810,-1,0,-4,-3,20,-21,19,19,810,0.1,0.1,0.1,0.1,0.1,0.1,3500,0,0
114,514,114,0,0,114,514,114,514,0,0,19,19,810,-1,0,-3,16,1,-4,19,19,810,0.1,0.1,0.1,0.1,0.1,0.1,3500,0,0
114,514,114,0,0,114,514,114,514,0,0,19,19,810,-1,0,-4,-3,-3,-15,19,19,810,0.1,0.1,0.1,0.1,0.1,0.1,3500,0,0
114,514,114,0,0,114,514,114,514,0,0,19,19,810,-1,0,-3,3,6,12,19,19,810,0.1,0.1,0.1,0.1,0.1,0.1,3500,0,0
114,514,114,0,0,114,514,114,514,0,0,19,19,810,-1,0,-4,13,-6,2,19,19,810,0.1,0.1,0.1,0.1,0.1,0.1,3500,0,0
114,514,114,0,0,114,514,114,514,0,0,19,19,810,-1,0,-3,1,-15,-11,19,19,810,0.1,0.1,0.1,0.1,0.1,0.1,3500,0,0
114,514,114,0,0,114,514,114,514,0,0,19,19,810,-1,0,-3,5,8,11,19,19,810,0.1,0.1,0.1,0.1,0.1,0.1,3500,0,0
114,514,114,0,0,114,514,114,514,0,0,19,19,810,-1,1,-3,-2,-2,-1,19,19,810,0.1,0.1,0.1,0.1,0.1,0.1,3500,0,0
114,514,114,0,0,114,514,114,514,0,0,19,19,810,-1,1,-3,5,-2,0,19,19,810,0.1,0.1,0.1,0.1,0.1,0.1,3500,0,0
114,514,114,0,0,114,514,114,514,0,0,19,19,810,-2,-3,-4,100,-28,145,19,19,810,0.1,0.1,0.1,0.1,0.1,0.1,3500,0,0
114,514,114,0,0,114,514,114,514,0,0,19,19,810,-1,0,-3,-17,0,26,19,19,810,0.1,0.1,0.1,0.1,0.1,0.1,3500,0,0
114,514,114,0,0,114,514,114,514,0,0,19,19,810,-2,0,-3,-15,9,9,19,19,810,0.1,0.1,0.1,0.1,0.1,0.1,3500,0,0
114,514,114,0,0,114,514,114,514,0,0,19,19,810,-1,0,-3,-5,0,2,19,19,810,0.1,0.1,0.1,0.1,0.1,0.1,3500,0,0
114,514,114,0,0,114,514,114,514,0,0,19,19,810,-1,0,-3,7,-3,14,19,19,810,0.1,0.1,0.1,0.1,0.1,0.1,3500,0,0
114,514,114,0,0,114,514,114,514,0,0,19,19,810,-1,0,0,-13,6,1,19,19,810,0.1,0.1,0.1,0.1,0.1,0.1,3500,0,0
114,514,114,0,0,114,514,114,514,0,0,19,19,810,-1,0,-4,19,-16,-4,19,19,810,0.1,0.1,0.1,0.1,0.1,0.1,3500,0,0
114,514,114,0,0,114,514,114,514,0,0,19,19,810,-1,0,0,-31,0,7,19,19,810,0.1,0.1,0.1,0.1,0.1,0.1,3500,0,0
114,514,114,0,0,114,514,114,514,0,0,19,19,810,-1,0,0,-31,0,7,19,19,810,0.1,0.1,0.1,0.1,0.1,0.1,3500,0,0
114,514,114,0,0,114,514,114,514,0,0,19,19,810,-1,0,0,-31,0,7,19,19,810,0.1,0.1,0.1,0.1,0.1,0.1,3500,0,0
114,514,114,0,0,114,514,114,514,0,0,19,19,810,-1,0,0,-31,0,7,19,19,810,0.1,0.1,0.1,0.1,0.1,0.1,3500,0,0
114,514,114,0,0,114,514,114,514,0,0,19,19,810,-1,0,0,-31,0,7,19,19,810,0.1,0.1,0.1,0.1,0.1,0.1,3500,0,0
114,514,114,0,0,114,514,114,514,0,0,19,19,810,-1,0,0,-31,0,7,19,19,810,0.1,0.1,0.1,0.1,0.1,0.1,3500,0,0
114,514,114,0,0,114,514,114,514,0,0,19,19,810,-1,0,0,-31,0,7,19,19,810,0.1,0.1,0.1,0.1,0.1,0.1,3500,0,0
114,514,114,0,0,114,514,114,514,0,0,19,19,810,-1,0,0,-31,0,7,19,19,810,0.1,0.1,0.1,0.1,0.1,0.1,3500,0,0
114,514,114,0,0,114,514,114,514,0,0,19,19,810,-1,0,0,-31,0,7,19,19,810,0.1,0.1,0.1,0.1,0.1,0.1,3500,0,0
114,514,114,0,0,114,514,114,514,0,0,19,19,810,-1,0,0,-31,0,7,19,19,810,0.1,0.1,0.1,0.1,0.1,0.1,3500,0,0
114,514,114,0,0,114,514,114,514,0,0,19,19,810,-1,0,0,-31,0,7,19,19,810,0.1,0.1,0.1,0.1,0.1,0.1,3500,0,0
114,514,114,0,0,114,514,114,514,0,0,19,19,810,-1,0,0,-31,0,7,19,19,810,0.1,0.1,0.1,0.1,0.1,0.1,3500,0,0
114,514,114,0,0,114,514,114,514,0,0,19,19,810,-1,0,0,-31,0,7,19,19,810,0.1,0.1,0.1,0.1,0.1,0.1,3500,0,0
114,514,114,0,0,114,514,114,514,0,0,19,19,810,-1,0,0,-31,0,7,19,19,810,0.1,0.1,0.1,0.1,0.1,0.1,3500,0,0
114,514,114,0,0,114,514,114,514,0,0,19,19,810,-1,0,0,-31,0,7,19,19,810,0.1,0.1,0.1,0.1,0.1,0.1,3500,0,0
114,514,114,0,0,114,514,114,514,0,0,19,19,810,-1,0,0,-31,0,7,19,19,810,0.1,0.1,0.1,0.1,0.1,0.1,3500,0,0
114,514,114,0,0,114,514,114,514,0,0,19,19,810,-1,0,0,-31,0,7,19,19,810,0.1,0.1,0.1,0.1,0.1,0.1,3500,0,0
114,514,114,0,0,114,514,114,514,0,0,19,19,810,-1,0,0,-31,0,7,19,19,810,0.1,0.1,0.1,0.1,0.1,0.1,3500,0,0
114,514,114,0,0,114,514,114,514,0,0,19,19,810,-1,0,0,-31,0,7,19,19,810,0.1,0.1,0.1,0.1,0.1,0.1,3500,0,0
114,514,114,0,0,114,514,114,514,0,0,19,19,810,-1,0,0,-31,0,7,19,19,810,0.1,0.1,0.1,0.1,0.1,0.1,3500,0,0
114,514,114,0,0,114,514,114,514,0,0,19,19,810,-1,0,0,-31,0,7,19,19,810,0.1,0.1,0.1,0.1,0.1,0.1,3500,0,0
114,514,114,0,0,114,514,114,514,0,0,19,19,810,-1,0,0,-31,0,7,19,19,810,0.1,0.1,0.1,0.1,0.1,0.1,3500,0,0
114,514,114,0,0,114,514,114,514,0,0,19,19,810,-1,0,0,-31,0,7,19,19,810,0.1,0.1,0.1,0.1,0.1,0.1,3500,0,0
114,514,114,0,0,114,514,114,514,0,0,19,19,810,-1,0,0,-31,0,7,19,19,810,0.1,0.1,0.1,0.1,0.1,0.1,3500,0,0
114,514,114,0,0,114,514,114,514,0,0,19,19,810,-1,0,0,-31,0,7,19,19,810,0.1,0.1,0.1,0.1,0.1,0.1,3500,0,0
114,514,114,0,0,114,514,114,514,0,0,19,19,810,-1,0,0,-31,0,7,19,19,810,0.1,0.1,0.1,0.1,0.1,0.1,3500,0,0
114,514,114,0,0,114,514,114,514,0,0,19,19,810,-1,0,0,-31,0,7,19,19,810,0.1,0.1,0.1,0.1,0.1,0.1,3500,0,0
114,514,114,0,0,114,514,114,514,0,0,19,19,810,-1,0,0,-31,0,7,19,19,810,0.1,0.1,0.1,0.1,0.1,0.1,3500,0,0
114,514,114,0,0,114,514,114,514,0,0,19,19,810,-1,0,0,-31,0,7,19,19,810,0.1,0.1,0.1,0.1,0.1,0.1,3500,0,0
114,514,114,0,0,114,514,114,514,0,0,19,19,810,-1,0,0,-31,0,7,19,19,810,0.1,0.1,0.1,0.1,0.1,0.1,3500,0,0
114,514,114,0,0,114,514,114,514,0,0,19,19,810,-1,0,0,-31,0,7,19,19,810,0.1,0.1,0.1,0.1,0.1,0.1,3500,0,0
114,514,114,0,0,114,514,114,514,0,0,19,19,810,-1,0,0,-31,0,7,19,19,810,0.1,0.1,0.1,0.1,0.1,0.1,3500,0,0
114,514,114,0,0,114,514,114,514,0,0,19,19,810,-1,0,0,-31,0,7,19,19,810,0.1,0.1,0.1,0.1,0.1,0.1,3500,0,0
114,514,114,0,0,114,514,114,514,0,0,19,19,810,-1,0,0,-31,0,7,19,19,810,0.1,0.1,0.1,0.1,0.1,0.1,3500,0,0
114,514,114,0,0,114,514,114,514,0,0,19,19,810,-1,0,0,-31,0,7,19,19,810,0.1,0.1,0.1,0.1,0.1,0.1,3500,0,0
114,514,114,1,15,114,514,114,514,0,0,19,19,810,-1,0,0,-31,0,7,19,19,810,0.1,0.1,0.1,0.1,0.1,0.1,3500,0,0
114,514,114,1,138,114,514,114,514,0,0,19,19,810,-1,0,0,-31,0,7,19,19,810,0.1,0.1,0.1,0.1,0.1,0.1,3500,0,0
114,514,114,90,128,114,514,114,514,0,0,19,19,810,-1,0,0,-31,0,7,19,19,810,0.1,0.1,0.1,0.1,0.1,0.1,3500,0,0
114,514,114,185,202,114,514,114,514,0,0,19,19,810,-1,0,0,-31,0,7,19,19,810,0.1,0.1,0.1,0.1,0.1,0.1,3500,0,0
114,514,114,92,95,114,514,114,514,0,0,19,19,810,-1,0,0,-31,0,7,19,19,810,0.1,0.1,0.1,0.1,0.1,0.1,3500,0,0
114,514,114,5,8,114,514,114,514,0,0,19,19,810,-1,0,0,-31,0,7,19,19,810,0.1,0.1,0.1,0.1,0.1,0.1,3500,0,0
114,514,114,0,0,114,514,114,514,0,0,19,19,810,-1,0,0,-31,0,7,19,19,810,0.1,0.1,0.1,0.1,0.1,0.1,3500,0,0
114,514,114,0,0,114,514,114,514,0,0,19,19,810,-1,0,0,-31,0,7,19,19,810,0.1,0.1,0.1,0.1,0.1,0.1,3500,0,0
114,514,114,-11,-1,114,514,114,514,0,0,19,19,810,-1,0,0,-31,0,7,19,19,810,0.1,0.1,0.1,0.1,0.1,0.1,3500,0,0
114,514,114,-18,0,114,514,114,514,0,0,19,19,810,-1,0,0,-31,0,7,19,19,810,0.1,0.1,0.1,0.1,0.1,0.1,3500,0,0
114,514,114,-74,-75,114,514,114,514,0,0,19,19,810,-1,0,0,-31,0,7,19,19,810,0.1,0.1,0.1,0.1,0.1,0.1,3500,0,0
114,514,114,-75,-70,114,514,114,514,0,0,19,19,810,-1,0,0,-31,0,7,19,19,810,0.1,0.1,0.1,0.1,0.1,0.1,3500,0,0
114,514,114,-112,-108,114,514,114,514,0,0,19,19,810,-1,0,0,-31,0,7,19,19,810,0.1,0.1,0.1,0.1,0.1,0.1,3500,0,0
114,514,114,-77,-77,114,514,114,514,0,0,19,19,810,-1,0,0,-31,0,7,19,19,810,0.1,0.1,0.1,0.1,0.1,0.1,3500,0,0
114,514,114,-77,-76,114,514,114,514,0,0,19,19,810,-1,0,0,-31,0,7,19,19,810,0.1,0.1,0.1,0.1,0.1,0.1,3500,0,0
114,514,114,-87,-79,114,514,114,514,0,0,19,19,810,-1,0,0,-31,0,7,19,19,810,0.1,0.1,0.1,0.1,0.1,0.1,3500,0,0
114,514,114,-123,-120,114,514,114,514,0,0,19,19,810,-1,0,0,-31,0,7,19,19,810,0.1,0.1,0.1,0.1,0.1,0.1,3500,0,0
114,514,114,-2,-3,114,514,114,514,0,0,19,19,810,-1,0,0,-31,0,7,19,19,810,0.1,0.1,0.1,0.1,0.1,0.1,3500,0,0
114,514,114,1,0,114,514,114,514,0,0,19,19,810,-1,0,0,-31,0,7,19,19,810,0.1,0.1,0.1,0.1,0.1,0.1,3500,0,0
114,514,114,15,9,114,514,114,514,0,0,19,19,810,-1,0,0,-31,0,7,19,19,810,0.1,0.1,0.1,0.1,0.1,0.1,3500,0,0
114,514,114,81,80,114,514,114,514,0,0,19,19,810,-1,0,0,-31,0,7,19,19,810,0.1,0.1,0.1,0.1,0.1,0.1,3500,0,0
114,514,114,126,130,114,514,114,514,0,0,19,19,810,-1,0,0,-31,0,7,19,19,810,0.1,0.1,0.1,0.1,0.1,0.1,3500,0,0
114,514,114,4,0,114,514,114,514,0,0,19,19,810,-1,0,0,-31,0,7,19,19,810,0.1,0.1,0.1,0.1,0.1,0.1,3500,0,0
114,514,114,104,103,114,514,114,514,0,0,19,19,810,-1,0,0,-31,0,7,19,19,810,0.1,0.1,0.1,0.1,0.1,0.1,3500,0,0
114,514,114,44,53,114,514,114,514,0,0,19,19,810,-1,0,0,-31,0,7,19,19,810,0.1,0.1,0.1,0.1,0.1,0.1,3500,0,0
114,514,114,-3,-1,114,514,114,514,0,0,19,19,810,-1,0,0,-31,0,7,19,19,810,0.1,0.1,0.1,0.1,0.1,0.1,3500,0,0
114,514,114,-72,-49,114,514,114,514,0,0,19,19,810,-1,0,0,-31,0,7,19,19,810,0.1,0.1,0.1,0.1,0.1,0.1,3500,0,0
114,514,114,-133,-132,114,514,114,514,0,0,19,19,810,-1,0,0,-31,0,7,19,19,810,0.1,0.1,0.1,0.1,0.1,0.1,3500,0,0
114,514,114,-101,-95,114,514,114,514,0,0,19,19,810,-1,0,0,-31,0,7,19,19,810,0.1,0.1,0.1,0.1,0.1,0.1,3500,0,0
114,514,114,4,1,114,514,114,514,0,0,19,19,810,-1,0,0,-31,0,7,19,19,810,0.1,0.1,0.1,0.1,0.1,0.1,3500,0,0
114,514,114,87,81,114,514,114,514,0,0,19,19,810,-1,0,0,-31,0,7,19,19,810,0.1,0.1,0.1,0.1,0.1,0.1,3500,0,0
114,514,114,160,167,114,514,114,514,0,0,19,19,810,-1,0,0,-31,0,7,19,19,810,0.1,0.1,0.1,0.1,0.1,0.1,3500,0,0
114,514,114,5,7,114,514,114,514,0,0,19,19,810,-1,0,0,-31,0,7,19,19,810,0.1,0.1,0.1,0.1,0.1,0.1,3500,0,0
114,514,114,0,0,114,514,114,514,0,0,19,19,810,-1,0,0,-31,0,7,19,19,810,0.1,0.1,0.1,0.1,0.1,0.1,3500,0,0
114,514,114,0,0,114,514,114,514,0,0,19,19,810,-1,0,0,-31,0,7,19,19,810,0.1,0.1,0.1,0.1,0.1,0.1,3500,0,0
114,514,114,0,0,114,514,114,514,0,0,19,19,810,-1,0,0,-31,0,7,19,19,810,0.1,0.1,0.1,0.1,0.1,0.1,3500,0,0
114,514,114,0,0,114,514,114,514,0,0,19,19,810,-1,0,0,-31,0,7,19,19,810,0.1,0.1,0.1,0.1,0.1,0.1,3500,0,0
114,514,114,0,0,114,514,114,514,0,0,19,19,810,-1,0,0,-31,0,7,19,19,810,0.1,0.1,0.1,0.1,0.1,0.1,3500,0,0
114,514,114,0,0,114,514,114,514,0,0,19,19,810,-1,0,0,-31,0,7,19,19,810,0.1,0.1,0.1,0.1,0.1,0.1,3500,0,0
