114,514,114,0,0,114,514,114,514,0,3,19,19,810,0,0,-1,-1,0,0,19,19,810,0.100000,0.100000,0.100000,0.100000,0.100000,0.100000,3500,0,0
114,514,114,0,0,114,514,114,514,0,3,19,19,810,0,0,-1,-1,0,0,19,19,810,0.100000,0.100000,0.100000,0.100000,0.100000,0.100000,3500,0,0
114,514,114,0,0,114,514,114,514,0,3,19,19,810,0,0,-1,-1,0,0,19,19,810,0.100000,0.100000,0.100000,0.100000,0.100000,0.100000,3500,0,0
114,514,114,0,0,114,514,114,514,0,3,19,19,810,0,0,-1,0,-1,0,19,19,810,0.100000,0.100000,0.100000,0.100000,0.100000,0.100000,3500,0,0
114,514,114,0,0,114,514,114,514,0,3,19,19,810,0,0,-1,-1,0,0,19,19,810,0.100000,0.100000,0.100000,0.100000,0.100000,0.100000,3500,0,0
114,514,114,0,0,114,514,114,514,0,3,19,19,810,0,0,-1,-1,0,0,19,19,810,0.100000,0.100000,0.100000,0.100000,0.100000,0.100000,3500,0,0
114,514,114,0,0,114,514,114,514,0,3,19,19,810,0,0,-1,0,-1,0,19,19,810,0.100000,0.100000,0.100000,0.100000,0.100000,0.100000,3500,0,0
114,514,114,0,0,114,514,114,514,0,3,19,19,810,0,0,-2,-1,0,0,19,19,810,0.100000,0.100000,0.100000,0.100000,0.100000,0.100000,3500,0,0
114,514,114,0,0,114,514,114,514,0,3,19,19,810,0,0,-1,-1,0,0,19,19,810,0.100000,0.100000,0.100000,0.100000,0.100000,0.100000,3500,0,0
114,514,114,0,0,114,514,114,514,0,3,19,19,810,0,0,-1,-1,0,0,19,19,810,0.100000,0.100000,0.100000,0.100000,0.100000,0.100000,3500,0,0
114,514,114,0,0,114,514,114,514,0,3,19,19,810,0,0,-1,-1,0,0,19,19,810,0.100000,0.100000,0.100000,0.100000,0.100000,0.100000,3500,0,0
114,514,114,0,0,114,514,114,514,0,3,19,19,810,0,0,-2,0,-2,0,19,19,810,0.100000,0.100000,0.100000,0.100000,0.100000,0.100000,3500,0,0
114,514,114,0,0,114,514,114,514,0,3,19,19,810,0,0,-1,-1,0,0,19,19,810,0.100000,0.100000,0.100000,0.100000,0.100000,0.100000,3500,0,0
114,514,114,0,0,114,514,114,514,0,3,19,19,810,0,0,-1,-1,0,0,19,19,810,0.100000,0.100000,0.100000,0.100000,0.100000,0.100000,3500,0,0
114,514,114,0,0,114,514,114,514,0,3,19,19,810,0,0,-1,-1,0,0,19,19,810,0.100000,0.100000,0.100000,0.100000,0.100000,0.100000,3500,0,0
114,514,114,0,0,114,514,114,514,0,3,19,19,810,0,0,-1,-1,0,0,19,19,810,0.100000,0.100000,0.100000,0.100000,0.100000,0.100000,3500,0,0
114,514,114,0,0,114,514,114,514,0,3,19,19,810,0,0,-1,-1,0,0,19,19,810,0.100000,0.100000,0.100000,0.100000,0.100000,0.100000,3500,0,0
114,514,114,0,0,114,514,114,514,0,3,19,19,810,0,0,-1,-1,0,0,19,19,810,0.100000,0.100000,0.100000,0.100000,0.100000,0.100000,3500,0,0
114,514,114,0,0,114,514,114,514,0,3,19,19,810,0,0,-1,-1,0,0,19,19,810,0.100000,0.100000,0.100000,0.100000,0.100000,0.100000,3500,0,0
114,514,114,0,0,114,514,114,514,0,3,19,19,810,0,0,-1,-1,0,0,19,19,810,0.100000,0.100000,0.100000,0.100000,0.100000,0.100000,3500,0,0
114,514,114,0,0,114,514,114,514,0,3,19,19,810,0,0,-1,-1,0,0,19,19,810,0.100000,0.100000,0.100000,0.100000,0.100000,0.100000,3500,0,0
114,514,114,0,0,114,514,114,514,0,3,19,19,810,0,0,-1,-1,0,0,19,19,810,0.100000,0.100000,0.100000,0.100000,0.100000,0.100000,3500,0,0
114,514,114,0,0,114,514,114,514,0,3,19,19,810,0,0,-1,-1,0,0,19,19,810,0.100000,0.100000,0.100000,0.100000,0.100000,0.100000,3500,0,0
114,514,114,0,0,114,514,114,514,0,3,19,19,810,0,0,-1,-1,0,0,19,19,810,0.100000,0.100000,0.100000,0.100000,0.100000,0.100000,3500,0,0
114,514,114,0,0,114,514,114,514,0,3,19,19,810,0,0,-1,0,-1,0,19,19,810,0.100000,0.100000,0.100000,0.100000,0.100000,0.100000,3500,0,0
114,514,114,0,0,114,514,114,514,0,3,19,19,810,0,0,-1,-1,0,0,19,19,810,0.100000,0.100000,0.100000,0.100000,0.100000,0.100000,3500,0,0
114,514,114,0,0,114,514,114,514,0,3,19,19,810,0,0,-1,-1,0,0,19,19,810,0.100000,0.100000,0.100000,0.100000,0.100000,0.100000,3500,0,0
114,514,114,0,0,114,514,114,514,0,3,19,19,810,0,0,-1,-1,0,0,19,19,810,0.100000,0.100000,0.100000,0.100000,0.100000,0.100000,3500,0,0
114,514,114,0,0,114,514,114,514,0,3,19,19,810,0,0,-1,-1,0,0,19,19,810,0.100000,0.100000,0.100000,0.100000,0.100000,0.100000,3500,0,0
114,514,114,0,0,114,514,114,514,0,3,19,19,810,0,0,-1,-1,0,0,19,19,810,0.100000,0.100000,0.100000,0.100000,0.100000,0.100000,3500,0,0
114,514,114,0,0,114,514,114,514,0,3,19,19,810,0,0,-1,-1,0,0,19,19,810,0.100000,0.100000,0.100000,0.100000,0.100000,0.100000,3500,0,0
114,514,114,0,0,114,514,114,514,0,3,19,19,810,0,0,-1,-1,0,0,19,19,810,0.100000,0.100000,0.100000,0.100000,0.100000,0.100000,3500,0,0
114,514,114,0,0,114,514,114,514,0,3,19,19,810,0,0,-1,-1,0,0,19,19,810,0.100000,0.100000,0.100000,0.100000,0.100000,0.100000,3500,0,0
114,514,114,0,0,114,514,114,514,0,1,19,19,810,0,0,-1,-1,0,0,19,19,810,0.100000,0.100000,0.100000,0.100000,0.100000,0.100000,3500,0,0
114,514,114,0,0,114,514,114,514,0,3,19,19,810,0,0,-1,-1,0,0,19,19,810,0.100000,0.100000,0.100000,0.100000,0.100000,0.100000,3500,0,0
114,514,114,0,0,114,514,114,514,0,3,19,19,810,0,0,-1,-1,0,0,19,19,810,0.100000,0.100000,0.100000,0.100000,0.100000,0.100000,3500,0,0
114,514,114,0,0,114,514,114,514,0,1,19,19,810,0,0,-1,-1,0,0,19,19,810,0.100000,0.100000,0.100000,0.100000,0.100000,0.100000,3500,0,0
114,514,114,0,0,114,514,114,514,0,3,19,19,810,0,0,-1,-1,0,0,19,19,810,0.100000,0.100000,0.100000,0.100000,0.100000,0.100000,3500,0,0
114,514,114,0,0,114,514,114,514,0,3,19,19,810,0,0,-1,-1,0,0,19,19,810,0.100000,0.100000,0.100000,0.100000,0.100000,0.100000,3500,0,0
114,514,114,0,0,114,514,114,514,0,3,19,19,810,0,0,-1,-1,0,0,19,19,810,0.100000,0.100000,0.100000,0.100000,0.100000,0.100000,3500,0,0
114,514,114,0,0,114,514,114,514,0,3,19,19,810,0,0,-1,-1,0,0,19,19,810,0.100000,0.100000,0.100000,0.100000,0.100000,0.100000,3500,0,0
114,514,114,0,0,114,514,114,514,0,3,19,19,810,0,0,-1,-1,0,0,19,19,810,0.100000,0.100000,0.100000,0.100000,0.100000,0.100000,3500,0,0
114,514,114,0,0,114,514,114,514,0,3,19,19,810,0,0,-1,-1,0,0,19,19,810,0.100000,0.100000,0.100000,0.100000,0.100000,0.100000,3500,0,0
114,514,114,0,0,114,514,114,514,0,3,19,19,810,0,0,-1,-1,0,0,19,19,810,0.100000,0.100000,0.100000,0.100000,0.100000,0.100000,3500,0,0
114,514,114,0,0,114,514,114,514,0,3,19,19,810,0,0,-1,-1,0,0,19,19,810,0.100000,0.100000,0.100000,0.100000,0.100000,0.100000,3500,0,0
114,514,114,0,0,114,514,114,514,0,3,19,19,810,0,0,-1,-1,0,0,19,19,810,0.100000,0.100000,0.100000,0.100000,0.100000,0.100000,3500,0,0
114,514,114,0,0,114,514,114,514,0,3,19,19,810,0,0,-1,-1,0,0,19,19,810,0.100000,0.100000,0.100000,0.100000,0.100000,0.100000,3500,0,0
114,514,114,0,0,114,514,114,514,0,3,19,19,810,0,0,-1,-1,0,0,19,19,810,0.100000,0.100000,0.100000,0.100000,0.100000,0.100000,3500,0,0
114,514,114,0,0,114,514,114,514,0,3,19,19,810,0,0,-1,-1,0,0,19,19,810,0.100000,0.100000,0.100000,0.100000,0.100000,0.100000,3500,0,0
114,514,114,0,0,114,514,114,514,0,3,19,19,810,0,0,-1,-1,0,0,19,19,810,0.100000,0.100000,0.100000,0.100000,0.100000,0.100000,3500,0,0
114,514,114,0,0,114,514,114,514,0,3,19,19,810,0,0,-1,-1,0,0,19,19,810,0.100000,0.100000,0.100000,0.100000,0.100000,0.100000,3500,0,0
114,514,114,0,0,114,514,114,514,0,3,19,19,810,0,0,-1,-1,-1,0,19,19,810,0.100000,0.100000,0.100000,0.100000,0.100000,0.100000,3500,0,0
114,514,114,0,0,114,514,114,514,0,3,19,19,810,0,0,-1,-1,0,0,19,19,810,0.100000,0.100000,0.100000,0.100000,0.100000,0.100000,3500,0,0
114,514,114,0,0,114,514,114,514,0,3,19,19,810,0,0,-1,-1,0,0,19,19,810,0.100000,0.100000,0.100000,0.100000,0.100000,0.100000,3500,0,0
114,514,114,0,0,114,514,114,514,0,3,19,19,810,0,0,-1,-1,0,0,19,19,810,0.100000,0.100000,0.100000,0.100000,0.100000,0.100000,3500,0,0
114,514,114,0,0,114,514,114,514,0,3,19,19,810,0,0,-1,-1,-1,0,19,19,810,0.100000,0.100000,0.100000,0.100000,0.100000,0.100000,3500,0,0
114,514,114,0,0,114,514,114,514,0,3,19,19,810,0,0,-1,-1,0,0,19,19,810,0.100000,0.100000,0.100000,0.100000,0.100000,0.100000,3500,0,0
114,514,114,0,0,114,514,114,514,0,3,19,19,810,0,0,-1,-1,0,0,19,19,810,0.100000,0.100000,0.100000,0.100000,0.100000,0.100000,3500,0,0
114,514,114,0,0,114,514,114,514,0,3,19,19,810,0,0,-1,-1,0,0,19,19,810,0.100000,0.100000,0.100000,0.100000,0.100000,0.100000,3500,0,0
114,514,114,0,0,114,514,114,514,0,3,19,19,810,0,0,-1,-1,0,0,19,19,810,0.100000,0.100000,0.100000,0.100000,0.100000,0.100000,3500,0,0
114,514,114,0,0,114,514,114,514,0,3,19,19,810,0,0,-1,-1,0,0,19,19,810,0.100000,0.100000,0.100000,0.100000,0.100000,0.100000,3500,0,0
114,514,114,0,0,114,514,114,514,0,3,19,19,810,0,0,-1,-1,0,0,19,19,810,0.100000,0.100000,0.100000,0.100000,0.100000,0.100000,3500,0,0
114,514,114,0,0,114,514,114,514,0,3,19,19,810,0,0,-1,-1,0,0,19,19,810,0.100000,0.100000,0.100000,0.100000,0.100000,0.100000,3500,0,0
114,514,114,0,0,114,514,114,514,0,3,19,19,810,0,0,-1,-1,0,0,19,19,810,0.100000,0.100000,0.100000,0.100000,0.100000,0.100000,3500,0,0
114,514,114,0,0,114,514,114,514,0,3,19,19,810,0,0,-1,-1,0,0,19,19,810,0.100000,0.100000,0.100000,0.100000,0.100000,0.100000,3500,0,0
114,514,114,0,0,114,514,114,514,0,3,19,19,810,0,0,-1,-1,0,0,19,19,810,0.100000,0.100000,0.100000,0.100000,0.100000,0.100000,3500,0,0
114,514,114,0,0,114,514,114,514,0,3,19,19,810,0,0,-1,-1,0,0,19,19,810,0.100000,0.100000,0.100000,0.100000,0.100000,0.100000,3500,0,0
114,514,114,0,0,114,514,114,514,0,3,19,19,810,0,0,-1,-1,0,0,19,19,810,0.100000,0.100000,0.100000,0.100000,0.100000,0.100000,3500,0,0
114,514,114,0,0,114,514,114,514,0,3,19,19,810,0,0,-1,-1,0,0,19,19,810,0.100000,0.100000,0.100000,0.100000,0.100000,0.100000,3500,0,0
114,514,114,0,0,114,514,114,514,0,3,19,19,810,0,0,-1,-1,0,0,19,19,810,0.100000,0.100000,0.100000,0.100000,0.100000,0.100000,3500,0,0
114,514,114,0,0,114,514,114,514,0,3,19,19,810,0,0,-1,-1,0,0,19,19,810,0.100000,0.100000,0.100000,0.100000,0.100000,0.100000,3500,0,0
114,514,114,0,0,114,514,114,514,0,3,19,19,810,0,0,-1,-1,0,0,19,19,810,0.100000,0.100000,0.100000,0.100000,0.100000,0.100000,3500,0,0
114,514,114,0,0,114,514,114,514,0,3,19,19,810,0,0,-1,-1,0,0,19,19,810,0.100000,0.100000,0.100000,0.100000,0.100000,0.100000,3500,0,0
114,514,114,0,0,114,514,114,514,0,3,19,19,810,0,0,-1,-1,0,0,19,19,810,0.100000,0.100000,0.100000,0.100000,0.100000,0.100000,3500,0,0
114,514,114,0,0,114,514,114,514,0,3,19,19,810,0,0,-1,-1,0,0,19,19,810,0.100000,0.100000,0.100000,0.100000,0.100000,0.100000,3500,0,0
114,514,114,0,0,114,514,114,514,0,3,19,19,810,0,0,-2,-1,0,0,19,19,810,0.100000,0.100000,0.100000,0.100000,0.100000,0.100000,3500,0,0
114,514,114,0,0,114,514,114,514,0,3,19,19,810,0,0,-1,-1,0,0,19,19,810,0.100000,0.100000,0.100000,0.100000,0.100000,0.100000,3500,0,0
114,514,114,0,0,114,514,114,514,0,3,19,19,810,0,0,-1,-1,0,0,19,19,810,0.100000,0.100000,0.100000,0.100000,0.100000,0.100000,3500,0,0
114,514,114,0,0,114,514,114,514,0,3,19,19,810,0,0,-1,-1,0,0,19,19,810,0.100000,0.100000,0.100000,0.100000,0.100000,0.100000,3500,0,0
114,514,114,0,0,114,514,114,514,0,3,19,19,810,0,0,-1,-1,0,0,19,19,810,0.100000,0.100000,0.100000,0.100000,0.100000,0.100000,3500,0,0
114,514,114,0,0,114,514,114,514,0,3,19,19,810,0,0,-1,0,-1,0,19,19,810,0.100000,0.100000,0.100000,0.100000,0.100000,0.100000,3500,0,0
114,514,114,0,0,114,514,114,514,0,3,19,19,810,0,0,-1,-1,0,0,19,19,810,0.100000,0.100000,0.100000,0.100000,0.100000,0.100000,3500,0,0
114,514,114,0,0,114,514,114,514,0,3,19,19,810,0,0,-1,-1,0,0,19,19,810,0.100000,0.100000,0.100000,0.100000,0.100000,0.100000,3500,0,0
114,514,114,0,0,114,514,114,514,0,3,19,19,810,0,0,-1,-1,0,0,19,19,810,0.100000,0.100000,0.100000,0.100000,0.100000,0.100000,3500,0,0
114,514,114,0,0,114,514,114,514,0,3,19,19,810,0,0,-1,-1,0,0,19,19,810,0.100000,0.100000,0.100000,0.100000,0.100000,0.100000,3500,0,0
114,514,114,0,0,114,514,114,514,0,3,19,19,810,0,0,-1,-1,0,0,19,19,810,0.100000,0.100000,0.100000,0.100000,0.100000,0.100000,3500,0,0
114,514,114,0,0,114,514,114,514,0,3,19,19,810,0,0,-1,-1,0,0,19,19,810,0.100000,0.100000,0.100000,0.100000,0.100000,0.100000,3500,0,0
114,514,114,102,98,114,514,114,514,0,8,19,19,810,0,0,-1,2,-4,-9,19,19,810,0.100000,0.100000,0.100000,0.100000,0.100000,0.100000,3500,0,0
114,514,114,517,501,114,514,114,514,0,8,19,19,810,1,0,-2,-7,5,-3,19,19,810,0.100000,0.100000,0.100000,0.100000,0.100000,0.100000,3500,0,0
114,514,114,548,567,114,514,114,514,0,8,19,19,810,0,0,-1,0,-8,4,19,19,810,0.100000,0.100000,0.100000,0.100000,0.100000,0.100000,3500,0,0
114,514,114,548,563,114,514,114,514,0,14,19,19,810,0,0,-2,-2,1,2,19,19,810,0.100000,0.100000,0.100000,0.100000,0.100000,0.100000,3500,0,0
114,514,114,549,569,114,514,114,514,0,29,19,19,810,1,0,-1,-3,-2,9,19,19,810,0.100000,0.100000,0.100000,0.100000,0.100000,0.100000,3500,0,0
114,514,114,536,589,114,514,114,514,0,35,19,19,810,0,0,-1,-23,9,32,19,19,810,0.100000,0.100000,0.100000,0.100000,0.100000,0.100000,3500,0,0
114,514,114,484,602,114,514,114,514,0,33,19,19,810,0,0,-1,-16,6,28,19,19,810,0.100000,0.100000,0.100000,0.100000,0.100000,0.100000,3500,0,0
114,514,114,476,595,114,514,114,514,0,32,19,19,810,1,0,-2,-15,8,27,19,19,810,0.100000,0.100000,0.100000,0.100000,0.100000,0.100000,3500,0,0
114,514,114,485,590,114,514,114,514,0,35,19,19,810,0,0,-1,-15,-4,29,19,19,810,0.100000,0.100000,0.100000,0.100000,0.100000,0.100000,3500,0,0
114,514,114,480,595,114,514,114,514,0,37,19,19,810,0,0,0,-15,5,30,19,19,810,0.100000,0.100000,0.100000,0.100000,0.100000,0.100000,3500,0,0
114,514,114,482,591,114,514,114,514,0,39,19,19,810,0,0,-1,-14,8,30,19,19,810,0.100000,0.100000,0.100000,0.100000,0.100000,0.100000,3500,0,0
114,514,114,483,598,114,514,114,514,0,39,19,19,810,0,0,-1,-19,12,24,19,19,810,0.100000,0.100000,0.100000,0.100000,0.100000,0.100000,3500,0,0
114,514,114,482,595,114,514,114,514,0,39,19,19,810,0,0,-2,-12,2,31,19,19,810,0.100000,0.100000,0.100000,0.100000,0.100000,0.100000,3500,0,0
114,514,114,481,590,114,514,114,514,0,39,19,19,810,1,0,-1,-13,8,27,19,19,810,0.100000,0.100000,0.100000,0.100000,0.100000,0.100000,3500,0,0
114,514,114,488,593,114,514,114,514,0,215,19,19,810,1,0,-1,-23,9,31,19,19,810,0.100000,0.100000,0.100000,0.100000,0.100000,0.100000,3500,0,0
114,514,114,477,600,114,514,114,514,0,215,19,19,810,0,0,0,-19,-7,44,19,19,810,0.100000,0.100000,0.100000,0.100000,0.100000,0.100000,3500,0,0
114,514,114,428,587,114,514,114,514,0,26,19,19,810,0,0,-1,-25,-2,41,19,19,810,0.100000,0.100000,0.100000,0.100000,0.100000,0.100000,3500,0,0
114,514,114,430,578,114,514,114,514,0,-3,19,19,810,0,0,-1,-16,2,33,19,19,810,0.100000,0.100000,0.100000,0.100000,0.100000,0.100000,3500,0,0
114,514,114,526,538,114,514,114,514,0,20,19,19,810,0,0,-1,11,-5,-26,19,19,810,0.100000,0.100000,0.100000,0.100000,0.100000,0.100000,3500,0,0
114,514,114,586,492,114,514,114,514,0,215,19,19,810,0,0,-2,-2,-2,-20,19,19,810,0.100000,0.100000,0.100000,0.100000,0.100000,0.100000,3500,0,0
114,514,114,500,575,114,514,114,514,0,215,19,19,810,1,0,-1,-19,0,43,19,19,810,0.100000,0.100000,0.100000,0.100000,0.100000,0.100000,3500,0,0
114,514,114,436,581,114,514,114,514,0,215,19,19,810,0,0,-1,-30,21,31,19,19,810,0.100000,0.100000,0.100000,0.100000,0.100000,0.100000,3500,0,0
114,514,114,448,578,114,514,114,514,0,215,19,19,810,1,0,-2,-30,13,40,19,19,810,0.100000,0.100000,0.100000,0.100000,0.100000,0.100000,3500,0,0
114,514,114,426,576,114,514,114,514,0,215,19,19,810,0,0,-2,-20,7,38,19,19,810,0.100000,0.100000,0.100000,0.100000,0.100000,0.100000,3500,0,0
114,514,114,423,572,114,514,114,514,0,215,19,19,810,0,0,-2,-24,15,44,19,19,810,0.100000,0.100000,0.100000,0.100000,0.100000,0.100000,3500,0,0
114,514,114,443,571,114,514,114,514,0,215,19,19,810,0,0,0,-11,-8,42,19,19,810,0.100000,0.100000,0.100000,0.100000,0.100000,0.100000,3500,0,0
114,514,114,424,573,114,514,114,514,0,215,19,19,810,0,0,-1,-16,8,42,19,19,810,0.100000,0.100000,0.100000,0.100000,0.100000,0.100000,3500,0,0
114,514,114,437,580,114,514,114,514,0,215,19,19,810,0,0,-1,-14,-11,45,19,19,810,0.100000,0.100000,0.100000,0.100000,0.100000,0.100000,3500,0,0
114,514,114,427,580,114,514,114,514,0,215,19,19,810,0,0,-1,-24,4,39,19,19,810,0.100000,0.100000,0.100000,0.100000,0.100000,0.100000,3500,0,0
114,514,114,442,573,114,514,114,514,0,215,19,19,810,0,0,-1,-20,7,37,19,19,810,0.100000,0.100000,0.100000,0.100000,0.100000,0.100000,3500,0,0
114,514,114,451,572,114,514,114,514,0,215,19,19,810,1,0,-2,-10,-13,51,19,19,810,0.100000,0.100000,0.100000,0.100000,0.100000,0.100000,3500,0,0
114,514,114,482,566,114,514,114,514,0,215,19,19,810,0,0,-1,-17,23,40,19,19,810,0.100000,0.100000,0.100000,0.100000,0.100000,0.100000,3500,0,0
114,514,114,448,575,114,514,114,514,0,215,19,19,810,1,0,-1,-15,-2,42,19,19,810,0.100000,0.100000,0.100000,0.100000,0.100000,0.100000,3500,0,0
114,514,114,520,569,114,514,114,514,0,215,19,19,810,0,0,-2,35,-25,-48,19,19,810,0.100000,0.100000,0.100000,0.100000,0.100000,0.100000,3500,0,0
114,514,114,580,595,114,514,114,514,0,-28,19,19,810,0,0,-1,-22,45,41,19,19,810,0.100000,0.100000,0.100000,0.100000,0.100000,0.100000,3500,0,0
114,514,114,579,591,114,514,114,514,0,-7,19,19,810,0,0,-1,-92,-6,99,19,19,810,0.100000,0.100000,0.100000,0.100000,0.100000,0.100000,3500,0,0
114,514,114,576,592,114,514,114,514,0,215,19,19,810,1,0,-2,-98,22,176,19,19,810,0.100000,0.100000,0.100000,0.100000,0.100000,0.100000,3500,0,0
114,514,114,580,593,114,514,114,514,0,215,19,19,810,1,0,-1,0,-9,104,19,19,810,0.100000,0.100000,0.100000,0.100000,0.100000,0.100000,3500,0,0
114,514,114,578,592,114,514,114,514,0,9,19,19,810,0,0,-1,-31,31,-25,19,19,810,0.100000,0.100000,0.100000,0.100000,0.100000,0.100000,3500,0,0
114,514,114,569,590,114,514,114,514,0,13,19,19,810,0,0,-2,-14,17,12,19,19,810,0.100000,0.100000,0.100000,0.100000,0.100000,0.100000,3500,0,0
114,514,114,573,588,114,514,114,514,0,215,19,19,810,0,0,-2,-19,1,7,19,19,810,0.100000,0.100000,0.100000,0.100000,0.100000,0.100000,3500,0,0
114,514,114,529,485,114,514,114,514,0,215,19,19,810,0,0,-1,-17,4,34,19,19,810,0.100000,0.100000,0.100000,0.100000,0.100000,0.100000,3500,0,0
114,514,114,437,557,114,514,114,514,0,215,19,19,810,0,0,-2,-19,7,39,19,19,810,0.100000,0.100000,0.100000,0.100000,0.100000,0.100000,3500,0,0
114,514,114,440,565,114,514,114,514,0,215,19,19,810,0,0,-1,-19,-1,43,19,19,810,0.100000,0.100000,0.100000,0.100000,0.100000,0.100000,3500,0,0
114,514,114,431,575,114,514,114,514,0,21,19,19,810,0,0,-1,-16,-6,42,19,19,810,0.100000,0.100000,0.100000,0.100000,0.100000,0.100000,3500,0,0
114,514,114,426,568,114,514,114,514,0,-24,19,19,810,0,-1,-1,-9,-2,37,19,19,810,0.100000,0.100000,0.100000,0.100000,0.100000,0.100000,3500,0,0
114,514,114,548,583,114,514,114,514,0,215,19,19,810,0,0,0,107,11,-147,19,19,810,0.100000,0.100000,0.100000,0.100000,0.100000,0.100000,3500,0,0
114,514,114,578,596,114,514,114,514,0,9,19,19,810,1,0,-1,35,-22,-30,19,19,810,0.100000,0.100000,0.100000,0.100000,0.100000,0.100000,3500,0,0
114,514,114,571,592,114,514,114,514,0,20,19,19,810,1,0,-2,11,-4,-19,19,19,810,0.100000,0.100000,0.100000,0.100000,0.100000,0.100000,3500,0,0
114,514,114,571,589,114,514,114,514,0,14,19,19,810,0,0,-2,-17,7,0,19,19,810,0.100000,0.100000,0.100000,0.100000,0.100000,0.100000,3500,0,0
114,514,114,569,587,114,514,114,514,0,11,19,19,810,1,0,-2,5,-6,10,19,19,810,0.100000,0.100000,0.100000,0.100000,0.100000,0.100000,3500,0,0
114,514,114,572,588,114,514,114,514,0,13,19,19,810,0,0,-1,8,-9,-1,19,19,810,0.100000,0.100000,0.100000,0.100000,0.100000,0.100000,3500,0,0
114,514,114,558,527,114,514,114,514,0,0,19,19,810,1,0,-2,-2,0,5,19,19,810,0.100000,0.100000,0.100000,0.100000,0.100000,0.100000,3500,0,0
114,514,114,505,539,114,514,114,514,0,-6,19,19,810,1,0,-2,1,-1,-2,19,19,810,0.100000,0.100000,0.100000,0.100000,0.100000,0.100000,3500,0,0
114,514,114,563,538,114,514,114,514,0,7,19,19,810,0,0,0,3,-7,-15,19,19,810,0.100000,0.100000,0.100000,0.100000,0.100000,0.100000,3500,0,0
114,514,114,565,535,114,514,114,514,0,22,19,19,810,1,0,-2,-15,8,1,19,19,810,0.100000,0.100000,0.100000,0.100000,0.100000,0.100000,3500,0,0
114,514,114,524,573,114,514,114,514,0,31,19,19,810,1,0,-2,-15,15,27,19,19,810,0.100000,0.100000,0.100000,0.100000,0.100000,0.100000,3500,0,0
114,514,114,496,591,114,514,114,514,0,30,19,19,810,0,0,0,-17,6,24,19,19,810,0.100000,0.100000,0.100000,0.100000,0.100000,0.100000,3500,0,0
114,514,114,478,590,114,514,114,514,0,27,19,19,810,0,0,-2,-14,5,32,19,19,810,0.100000,0.100000,0.100000,0.100000,0.100000,0.100000,3500,0,0
114,514,114,487,591,114,514,114,514,0,29,19,19,810,0,0,-2,-9,-4,25,19,19,810,0.100000,0.100000,0.100000,0.100000,0.100000,0.100000,3500,0,0
114,514,114,488,588,114,514,114,514,0,39,19,19,810,0,0,-1,-12,0,27,19,19,810,0.100000,0.100000,0.100000,0.100000,0.100000,0.100000,3500,0,0
114,514,114,482,589,114,514,114,514,0,39,19,19,810,1,0,-2,-20,14,34,19,19,810,0.100000,0.100000,0.100000,0.100000,0.100000,0.100000,3500,0,0
114,514,114,465,589,114,514,114,514,0,39,19,19,810,0,0,-1,-22,12,28,19,19,810,0.100000,0.100000,0.100000,0.100000,0.100000,0.100000,3500,0,0
114,514,114,457,585,114,514,114,514,0,39,19,19,810,0,0,-2,-14,4,30,19,19,810,0.100000,0.100000,0.100000,0.100000,0.100000,0.100000,3500,0,0
114,514,114,475,588,114,514,114,514,0,39,19,19,810,0,0,-2,-18,9,33,19,19,810,0.100000,0.100000,0.100000,0.100000,0.100000,0.100000,3500,0,0
114,514,114,465,586,114,514,114,514,0,39,19,19,810,0,0,-1,-24,14,23,19,19,810,0.100000,0.100000,0.100000,0.100000,0.100000,0.100000,3500,0,0
114,514,114,460,590,114,514,114,514,0,39,19,19,810,0,0,-2,-18,13,34,19,19,810,0.100000,0.100000,0.100000,0.100000,0.100000,0.100000,3500,0,0
114,514,114,469,589,114,514,114,514,0,39,19,19,810,0,0,-1,-19,0,33,19,19,810,0.100000,0.100000,0.100000,0.100000,0.100000,0.100000,3500,0,0
114,514,114,453,587,114,514,114,514,0,21,19,19,810,1,0,-3,-23,34,29,19,19,810,0.100000,0.100000,0.100000,0.100000,0.100000,0.100000,3500,0,0
114,514,114,464,592,114,514,114,514,0,0,19,19,810,0,0,-1,-3,-10,17,19,19,810,0.100000,0.100000,0.100000,0.100000,0.100000,0.100000,3500,0,0
114,514,114,532,566,114,514,114,514,0,6,19,19,810,1,0,-2,2,0,-14,19,19,810,0.100000,0.100000,0.100000,0.100000,0.100000,0.100000,3500,0,0
114,514,114,571,520,114,514,114,514,0,14,19,19,810,0,0,-2,1,-9,3,19,19,810,0.100000,0.100000,0.100000,0.100000,0.100000,0.100000,3500,0,0
114,514,114,543,556,114,514,114,514,0,14,19,19,810,0,0,-1,4,-7,17,19,19,810,0.100000,0.100000,0.100000,0.100000,0.100000,0.100000,3500,0,0
114,514,114,523,572,114,514,114,514,0,15,19,19,810,0,0,-2,-8,-10,15,19,19,810,0.100000,0.100000,0.100000,0.100000,0.100000,0.100000,3500,0,0
114,514,114,532,584,114,514,114,514,0,25,19,19,810,1,0,-2,-10,18,9,19,19,810,0.100000,0.100000,0.100000,0.100000,0.100000,0.100000,3500,0,0
114,514,114,525,580,114,514,114,514,0,35,19,19,810,0,0,-1,-13,9,21,19,19,810,0.100000,0.100000,0.100000,0.100000,0.100000,0.100000,3500,0,0
114,514,114,497,590,114,514,114,514,0,36,19,19,810,0,0,-2,-20,14,33,19,19,810,0.100000,0.100000,0.100000,0.100000,0.100000,0.100000,3500,0,0
114,514,114,463,589,114,514,114,514,0,38,19,19,810,1,0,-1,-4,-17,33,19,19,810,0.100000,0.100000,0.100000,0.100000,0.100000,0.100000,3500,0,0
114,514,114,492,580,114,514,114,514,0,38,19,19,810,1,0,-1,-21,21,35,19,19,810,0.100000,0.100000,0.100000,0.100000,0.100000,0.100000,3500,0,0
114,514,114,465,592,114,514,114,514,0,38,19,19,810,0,0,-1,-14,9,29,19,19,810,0.100000,0.100000,0.100000,0.100000,0.100000,0.100000,3500,0,0
114,514,114,471,591,114,514,114,514,0,39,19,19,810,1,0,-2,-16,1,31,19,19,810,0.100000,0.100000,0.100000,0.100000,0.100000,0.100000,3500,0,0
114,514,114,473,588,114,514,114,514,0,39,19,19,810,0,0,-2,-12,-5,34,19,19,810,0.100000,0.100000,0.100000,0.100000,0.100000,0.100000,3500,0,0
114,514,114,465,590,114,514,114,514,0,39,19,19,810,1,0,-2,-15,4,34,19,19,810,0.100000,0.100000,0.100000,0.100000,0.100000,0.100000,3500,0,0
114,514,114,482,588,114,514,114,514,0,39,19,19,810,0,0,-2,-13,0,29,19,19,810,0.100000,0.100000,0.100000,0.100000,0.100000,0.100000,3500,0,0
114,514,114,472,588,114,514,114,514,0,39,19,19,810,0,0,-1,-20,14,23,19,19,810,0.100000,0.100000,0.100000,0.100000,0.100000,0.100000,3500,0,0
114,514,114,467,591,114,514,114,514,0,39,19,19,810,1,0,-2,-14,7,31,19,19,810,0.100000,0.100000,0.100000,0.100000,0.100000,0.100000,3500,0,0
114,514,114,470,590,114,514,114,514,0,28,19,19,810,0,0,-1,-12,-7,31,19,19,810,0.100000,0.100000,0.100000,0.100000,0.100000,0.100000,3500,0,0
114,514,114,463,589,114,514,114,514,0,10,19,19,810,0,0,-2,-6,-9,23,19,19,810,0.100000,0.100000,0.100000,0.100000,0.100000,0.100000,3500,0,0
114,514,114,508,582,114,514,114,514,0,1,19,19,810,0,0,-1,5,-6,2,19,19,810,0.100000,0.100000,0.100000,0.100000,0.100000,0.100000,3500,0,0
114,514,114,548,540,114,514,114,514,0,4,19,19,810,0,0,-1,3,-12,-2,19,19,810,0.100000,0.100000,0.100000,0.100000,0.100000,0.100000,3500,0,0
114,514,114,552,545,114,514,114,514,0,12,19,19,810,0,0,-1,0,-1,-1,19,19,810,0.100000,0.100000,0.100000,0.100000,0.100000,0.100000,3500,0,0
114,514,114,545,554,114,514,114,514,0,21,19,19,810,0,0,-2,-6,3,8,19,19,810,0.100000,0.100000,0.100000,0.100000,0.100000,0.100000,3500,0,0
114,514,114,521,568,114,514,114,514,0,32,19,19,810,0,0,-1,-5,0,16,19,19,810,0.100000,0.100000,0.100000,0.100000,0.100000,0.100000,3500,0,0
114,514,114,501,583,114,514,114,514,0,32,19,19,810,0,0,-1,-11,-2,32,19,19,810,0.100000,0.100000,0.100000,0.100000,0.100000,0.100000,3500,0,0
114,514,114,480,589,114,514,114,514,0,19,19,19,810,0,0,-1,-11,-2,25,19,19,810,0.100000,0.100000,0.100000,0.100000,0.100000,0.100000,3500,0,0
114,514,114,474,588,114,514,114,514,0,39,19,19,810,1,0,-2,-13,7,13,19,19,810,0.100000,0.100000,0.100000,0.100000,0.100000,0.100000,3500,0,0
114,514,114,525,568,114,514,114,514,0,39,19,19,810,1,0,-2,-12,20,30,19,19,810,0.100000,0.100000,0.100000,0.100000,0.100000,0.100000,3500,0,0
114,514,114,457,589,114,514,114,514,0,39,19,19,810,0,0,-2,-18,2,37,19,19,810,0.100000,0.100000,0.100000,0.100000,0.100000,0.100000,3500,0,0
114,514,114,447,589,114,514,114,514,0,39,19,19,810,0,0,-2,-15,4,38,19,19,810,0.100000,0.100000,0.100000,0.100000,0.100000,0.100000,3500,0,0
114,514,114,458,590,114,514,114,514,0,39,19,19,810,0,0,-1,-16,8,35,19,19,810,0.100000,0.100000,0.100000,0.100000,0.100000,0.100000,3500,0,0
114,514,114,467,581,114,514,114,514,0,39,19,19,810,0,0,-2,-15,0,36,19,19,810,0.100000,0.100000,0.100000,0.100000,0.100000,0.100000,3500,0,0
114,514,114,455,581,114,514,114,514,0,39,19,19,810,0,0,-2,-20,9,36,19,19,810,0.100000,0.100000,0.100000,0.100000,0.100000,0.100000,3500,0,0
114,514,114,466,584,114,514,114,514,0,35,19,19,810,0,0,-1,-16,5,36,19,19,810,0.100000,0.100000,0.100000,0.100000,0.100000,0.100000,3500,0,0
114,514,114,451,590,114,514,114,514,0,26,19,19,810,0,0,-3,-14,7,29,19,19,810,0.100000,0.100000,0.100000,0.100000,0.100000,0.100000,3500,0,0
114,514,114,474,589,114,514,114,514,0,12,19,19,810,0,0,-1,-14,16,21,19,19,810,0.100000,0.100000,0.100000,0.100000,0.100000,0.100000,3500,0,0
114,514,114,506,582,114,514,114,514,0,8,19,19,810,1,0,-2,0,-4,5,19,19,810,0.100000,0.100000,0.100000,0.100000,0.100000,0.100000,3500,0,0
114,514,114,539,556,114,514,114,514,0,7,19,19,810,0,0,-1,4,-9,4,19,19,810,0.100000,0.100000,0.100000,0.100000,0.100000,0.100000,3500,0,0
114,514,114,542,560,114,514,114,514,0,7,19,19,810,0,0,-1,4,-8,12,19,19,810,0.100000,0.100000,0.100000,0.100000,0.100000,0.100000,3500,0,0
114,514,114,540,556,114,514,114,514,0,9,19,19,810,0,0,-2,-6,15,-6,19,19,810,0.100000,0.100000,0.100000,0.100000,0.100000,0.100000,3500,0,0
114,514,114,541,561,114,514,114,514,0,21,19,19,810,1,0,-1,9,-9,11,19,19,810,0.100000,0.100000,0.100000,0.100000,0.100000,0.100000,3500,0,0
114,514,114,541,567,114,514,114,514,0,32,19,19,810,0,0,-1,-6,-14,25,19,19,810,0.100000,0.100000,0.100000,0.100000,0.100000,0.100000,3500,0,0
114,514,114,501,591,114,514,114,514,0,33,19,19,810,0,0,-2,-13,-6,28,19,19,810,0.100000,0.100000,0.100000,0.100000,0.100000,0.100000,3500,0,0
114,514,114,468,589,114,514,114,514,0,31,19,19,810,1,0,-2,-12,10,25,19,19,810,0.100000,0.100000,0.100000,0.100000,0.100000,0.100000,3500,0,0
114,514,114,478,590,114,514,114,514,0,33,19,19,810,0,0,-1,-17,-6,36,19,19,810,0.100000,0.100000,0.100000,0.100000,0.100000,0.100000,3500,0,0
114,514,114,484,589,114,514,114,514,0,39,19,19,810,1,-1,-2,-33,12,17,19,19,810,0.100000,0.100000,0.100000,0.100000,0.100000,0.100000,3500,0,0
114,514,114,475,593,114,514,114,514,0,39,19,19,810,0,0,-1,-21,6,26,19,19,810,0.100000,0.100000,0.100000,0.100000,0.100000,0.100000,3500,0,0
114,514,114,476,590,114,514,114,514,0,39,19,19,810,1,0,-2,-14,7,26,19,19,810,0.100000,0.100000,0.100000,0.100000,0.100000,0.100000,3500,0,0
114,514,114,464,588,114,514,114,514,0,39,19,19,810,0,0,-1,-11,1,27,19,19,810,0.100000,0.100000,0.100000,0.100000,0.100000,0.100000,3500,0,0
114,514,114,474,589,114,514,114,514,0,39,19,19,810,0,0,-1,-7,-7,35,19,19,810,0.100000,0.100000,0.100000,0.100000,0.100000,0.100000,3500,0,0
114,514,114,476,588,114,514,114,514,0,39,19,19,810,0,0,-1,-9,1,33,19,19,810,0.100000,0.100000,0.100000,0.100000,0.100000,0.100000,3500,0,0
114,514,114,466,587,114,514,114,514,0,39,19,19,810,0,0,-1,-22,6,28,19,19,810,0.100000,0.100000,0.100000,0.100000,0.100000,0.100000,3500,0,0
114,514,114,472,589,114,514,114,514,0,38,19,19,810,0,0,-1,-14,8,28,19,19,810,0.100000,0.100000,0.100000,0.100000,0.100000,0.100000,3500,0,0
114,514,114,461,589,114,514,114,514,0,33,19,19,810,0,0,-1,-14,5,23,19,19,810,0.100000,0.100000,0.100000,0.100000,0.100000,0.100000,3500,0,0
114,514,114,467,587,114,514,114,514,0,10,19,19,810,0,0,-1,-12,8,27,19,19,810,0.100000,0.100000,0.100000,0.100000,0.100000,0.100000,3500,0,0
114,514,114,480,588,114,514,114,514,0,-5,19,19,810,0,0,-2,3,-2,5,19,19,810,0.100000,0.100000,0.100000,0.100000,0.100000,0.100000,3500,0,0
114,514,114,556,539,114,514,114,514,0,6,19,19,810,0,0,-1,1,5,-16,19,19,810,0.100000,0.100000,0.100000,0.100000,0.100000,0.100000,3500,0,0
114,514,114,571,521,114,514,114,514,0,15,19,19,810,1,0,-1,-6,-7,1,19,19,810,0.100000,0.100000,0.100000,0.100000,0.100000,0.100000,3500,0,0
114,514,114,533,562,114,514,114,514,0,20,19,19,810,1,0,-3,-12,18,10,19,19,810,0.100000,0.100000,0.100000,0.100000,0.100000,0.100000,3500,0,0
114,514,114,517,578,114,514,114,514,0,30,19,19,810,1,0,-2,-12,4,5,19,19,810,0.100000,0.100000,0.100000,0.100000,0.100000,0.100000,3500,0,0
114,514,114,514,574,114,514,114,514,0,34,19,19,810,0,0,-2,-18,18,22,19,19,810,0.100000,0.100000,0.100000,0.100000,0.100000,0.100000,3500,0,0
114,514,114,486,592,114,514,114,514,0,34,19,19,810,0,0,-1,-12,-2,27,19,19,810,0.100000,0.100000,0.100000,0.100000,0.100000,0.100000,3500,0,0
114,514,114,477,591,114,514,114,514,0,39,19,19,810,0,0,-2,-12,4,26,19,19,810,0.100000,0.100000,0.100000,0.100000,0.100000,0.100000,3500,0,0
114,514,114,484,591,114,514,114,514,0,39,19,19,810,1,0,-2,-22,7,25,19,19,810,0.100000,0.100000,0.100000,0.100000,0.100000,0.100000,3500,0,0
114,514,114,463,586,114,514,114,514,0,39,19,19,810,1,0,-2,-15,8,36,19,19,810,0.100000,0.100000,0.100000,0.100000,0.100000,0.100000,3500,0,0
114,514,114,469,590,114,514,114,514,0,39,19,19,810,1,0,-2,-21,5,29,19,19,810,0.100000,0.100000,0.100000,0.100000,0.100000,0.100000,3500,0,0
114,514,114,467,588,114,514,114,514,0,39,19,19,810,1,0,-1,-20,6,27,19,19,810,0.100000,0.100000,0.100000,0.100000,0.100000,0.100000,3500,0,0
114,514,114,467,583,114,514,114,514,0,39,19,19,810,0,0,-2,-19,4,35,19,19,810,0.100000,0.100000,0.100000,0.100000,0.100000,0.100000,3500,0,0
114,514,114,480,585,114,514,114,514,0,39,19,19,810,0,0,-1,-14,4,32,19,19,810,0.100000,0.100000,0.100000,0.100000,0.100000,0.100000,3500,0,0
114,514,114,470,589,114,514,114,514,0,215,19,19,810,1,0,-1,-21,9,25,19,19,810,0.100000,0.100000,0.100000,0.100000,0.100000,0.100000,3500,0,0
114,514,114,470,590,114,514,114,514,0,38,19,19,810,1,0,-2,-23,2,45,19,19,810,0.100000,0.100000,0.100000,0.100000,0.100000,0.100000,3500,0,0
114,514,114,431,579,114,514,114,514,0,33,19,19,810,0,0,-1,-20,5,34,19,19,810,0.100000,0.100000,0.100000,0.100000,0.100000,0.100000,3500,0,0
114,514,114,521,542,114,514,114,514,0,215,19,19,810,0,0,-1,15,-1,-25,19,19,810,0.100000,0.100000,0.100000,0.100000,0.100000,0.100000,3500,0,0
114,514,114,526,549,114,514,114,514,0,215,19,19,810,0,0,-2,-17,0,43,19,19,810,0.100000,0.100000,0.100000,0.100000,0.100000,0.100000,3500,0,0
114,514,114,435,583,114,514,114,514,0,12,19,19,810,0,0,-2,-15,-2,49,19,19,810,0.100000,0.100000,0.100000,0.100000,0.100000,0.100000,3500,0,0
114,514,114,424,577,114,514,114,514,0,-28,19,19,810,0,0,-1,-23,15,29,19,19,810,0.100000,0.100000,0.100000,0.100000,0.100000,0.100000,3500,0,0
114,514,114,533,521,114,514,114,514,0,-6,19,19,810,1,0,-1,19,-6,-42,19,19,810,0.100000,0.100000,0.100000,0.100000,0.100000,0.100000,3500,0,0
114,514,114,562,473,114,514,114,514,0,39,19,19,810,1,0,-2,1,15,-45,19,19,810,0.100000,0.100000,0.100000,0.100000,0.100000,0.100000,3500,0,0
114,514,114,536,526,114,514,114,514,0,39,19,19,810,0,0,-2,-15,14,35,19,19,810,0.100000,0.100000,0.100000,0.100000,0.100000,0.100000,3500,0,0
114,514,114,454,580,114,514,114,514,0,32,19,19,810,0,0,-2,-13,-3,40,19,19,810,0.100000,0.100000,0.100000,0.100000,0.100000,0.100000,3500,0,0
114,514,114,445,585,114,514,114,514,0,28,19,19,810,0,0,-2,-16,10,32,19,19,810,0.100000,0.100000,0.100000,0.100000,0.100000,0.100000,3500,0,0
114,514,114,486,592,114,514,114,514,0,28,19,19,810,1,0,-1,-13,0,29,19,19,810,0.100000,0.100000,0.100000,0.100000,0.100000,0.100000,3500,0,0
114,514,114,485,583,114,514,114,514,0,32,19,19,810,0,0,-1,-8,1,34,19,19,810,0.100000,0.100000,0.100000,0.100000,0.100000,0.100000,3500,0,0
114,514,114,475,587,114,514,114,514,0,35,19,19,810,0,0,-2,-22,15,22,19,19,810,0.100000,0.100000,0.100000,0.100000,0.100000,0.100000,3500,0,0
114,514,114,492,591,114,514,114,514,0,39,19,19,810,0,0,-1,-22,14,21,19,19,810,0.100000,0.100000,0.100000,0.100000,0.100000,0.100000,3500,0,0
114,514,114,477,588,114,514,114,514,0,39,19,19,810,0,0,-2,-14,3,30,19,19,810,0.100000,0.100000,0.100000,0.100000,0.100000,0.100000,3500,0,0
114,514,114,467,590,114,514,114,514,0,39,19,19,810,0,0,-2,-24,22,22,19,19,810,0.100000,0.100000,0.100000,0.100000,0.100000,0.100000,3500,0,0
114,514,114,474,588,114,514,114,514,0,39,19,19,810,0,0,-1,-15,3,28,19,19,810,0.100000,0.100000,0.100000,0.100000,0.100000,0.100000,3500,0,0
114,514,114,468,590,114,514,114,514,0,39,19,19,810,0,0,-2,-14,5,39,19,19,810,0.100000,0.100000,0.100000,0.100000,0.100000,0.100000,3500,0,0
114,514,114,468,588,114,514,114,514,0,215,19,19,810,0,0,-1,-17,-2,32,19,19,810,0.100000,0.100000,0.100000,0.100000,0.100000,0.100000,3500,0,0
114,514,114,461,593,114,514,114,514,0,34,19,19,810,1,0,-2,-23,22,33,19,19,810,0.100000,0.100000,0.100000,0.100000,0.100000,0.100000,3500,0,0
114,514,114,433,581,114,514,114,514,0,4,19,19,810,0,0,-1,-22,12,33,19,19,810,0.100000,0.100000,0.100000,0.100000,0.100000,0.100000,3500,0,0
114,514,114,522,522,114,514,114,514,0,32,19,19,810,0,0,-2,15,0,-24,19,19,810,0.100000,0.100000,0.100000,0.100000,0.100000,0.100000,3500,0,0
114,514,114,577,483,114,514,114,514,0,215,19,19,810,0,0,-1,2,7,-1,19,19,810,0.100000,0.100000,0.100000,0.100000,0.100000,0.100000,3500,0,0
114,514,114,474,571,114,514,114,514,0,22,19,19,810,1,0,-2,-18,2,48,19,19,810,0.100000,0.100000,0.100000,0.100000,0.100000,0.100000,3500,0,0
114,514,114,428,571,114,514,114,514,0,-10,19,19,810,0,0,-2,-11,0,38,19,19,810,0.100000,0.100000,0.100000,0.100000,0.100000,0.100000,3500,0,0
114,514,114,525,529,114,514,114,514,0,27,19,19,810,0,0,-1,9,-13,-31,19,19,810,0.100000,0.100000,0.100000,0.100000,0.100000,0.100000,3500,0,0
114,514,114,584,477,114,514,114,514,0,215,19,19,810,0,0,-2,15,-9,-16,19,19,810,0.100000,0.100000,0.100000,0.100000,0.100000,0.100000,3500,0,0
114,514,114,498,561,114,514,114,514,0,215,19,19,810,0,0,-1,-21,5,45,19,19,810,0.100000,0.100000,0.100000,0.100000,0.100000,0.100000,3500,0,0
114,514,114,432,580,114,514,114,514,0,39,19,19,810,1,0,-2,-26,10,37,19,19,810,0.100000,0.100000,0.100000,0.100000,0.100000,0.100000,3500,0,0
114,514,114,431,574,114,514,114,514,0,37,19,19,810,0,0,-1,-14,2,32,19,19,810,0.100000,0.100000,0.100000,0.100000,0.100000,0.100000,3500,0,0
