114,514,114,0,0,114,514,114,514,0,0,19,19,810,0,1,-4,-1,0,0,19,19,810,0.1,0.1,0.1,0.1,0.1,0.1,3500,0,0
114,514,114,0,0,114,514,114,514,0,0,19,19,810,0,0,-4,-1,0,0,19,19,810,0.1,0.1,0.1,0.1,0.1,0.1,3500,0,0
114,514,114,0,0,114,514,114,514,0,0,19,19,810,0,1,-4,0,0,0,19,19,810,0.1,0.1,0.1,0.1,0.1,0.1,3500,0,0
114,514,114,0,0,114,514,114,514,0,0,19,19,810,0,1,-4,-1,0,0,19,19,810,0.1,0.1,0.1,0.1,0.1,0.1,3500,0,0
114,514,114,0,0,114,514,114,514,0,0,19,19,810,0,1,-4,-1,0,0,19,19,810,0.1,0.1,0.1,0.1,0.1,0.1,3500,0,0
114,514,114,0,0,114,514,114,514,0,0,19,19,810,0,1,-4,-1,0,0,19,19,810,0.1,0.1,0.1,0.1,0.1,0.1,3500,0,0
114,514,114,0,0,114,514,114,514,0,0,19,19,810,0,1,-4,-1,0,0,19,19,810,0.1,0.1,0.1,0.1,0.1,0.1,3500,0,0
114,514,114,0,0,114,514,114,514,0,0,19,19,810,1,1,-4,-12,22,-75,19,19,810,0.1,0.1,0.1,0.1,0.1,0.1,3500,0,0
114,514,114,0,0,114,514,114,514,0,0,19,19,810,0,0,-4,0,4,-25,19,19,810,0.1,0.1,0.1,0.1,0.1,0.1,3500,0,0
114,514,114,1,1,114,514,114,514,0,0,19,19,810,0,0,-4,-1,0,0,19,19,810,0.1,0.1,0.1,0.1,0.1,0.1,3500,0,0
114,514,114,0,0,114,514,114,514,0,0,19,19,810,0,1,-4,-1,0,0,19,19,810,0.1,0.1,0.1,0.1,0.1,0.1,3500,0,0
114,514,114,0,0,114,514,114,514,0,0,19,19,810,0,1,-4,-1,0,0,19,19,810,0.1,0.1,0.1,0.1,0.1,0.1,3500,0,0
114,514,114,0,0,114,514,114,514,0,0,19,19,810,0,1,-4,-1,0,0,19,19,810,0.1,0.1,0.1,0.1,0.1,0.1,3500,0,0
114,514,114,0,0,114,514,114,514,0,0,19,19,810,0,1,-4,-1,0,0,19,19,810,0.1,0.1,0.1,0.1,0.1,0.1,3500,0,0
114,514,114,0,3,114,514,114,514,0,0,19,19,810,0,1,-4,2,3,13,19,19,810,0.1,0.1,0.1,0.1,0.1,0.1,3500,0,0
114,514,114,34,60,114,514,114,514,0,0,19,19,810,0,1,-4,-3,-3,-5,19,19,810,0.1,0.1,0.1,0.1,0.1,0.1,3500,0,0
114,514,114,72,80,114,514,114,514,0,0,19,19,810,0,0,-4,-3,-1,15,19,19,810,0.1,0.1,0.1,0.1,0.1,0.1,3500,0,0
114,514,114,110,125,114,514,114,514,0,0,19,19,810,0,1,-4,0,1,9,19,19,810,0.1,0.1,0.1,0.1,0.1,0.1,3500,0,0
114,514,114,108,124,114,514,114,514,0,0,19,19,810,0,1,-4,-2,-2,-13,19,19,810,0.1,0.1,0.1,0.1,0.1,0.1,3500,0,0
114,514,114,39,36,114,514,114,514,0,0,19,19,810,0,1,-4,0,0,0,19,19,810,0.1,0.1,0.1,0.1,0.1,0.1,3500,0,0
114,514,114,0,0,114,514,114,514,0,0,19,19,810,0,0,-4,-1,0,0,19,19,810,0.1,0.1,0.1,0.1,0.1,0.1,3500,0,0
114,514,114,20,24,114,514,114,514,0,0,19,19,810,0,1,-4,0,0,-20,19,19,810,0.1,0.1,0.1,0.1,0.1,0.1,3500,0,0
114,514,114,51,63,114,514,114,514,0,0,19,19,810,0,1,-4,0,-4,4,19,19,810,0.1,0.1,0.1,0.1,0.1,0.1,3500,0,0
114,514,114,104,112,114,514,114,514,0,0,19,19,810,0,1,-4,2,2,5,19,19,810,0.1,0.1,0.1,0.1,0.1,0.1,3500,0,0
114,514,114,34,52,114,514,114,514,0,0,19,19,810,0,1,-4,-6,0,1,19,19,810,0.1,0.1,0.1,0.1,0.1,0.1,3500,0,0
114,514,114,129,147,114,514,114,514,0,0,19,19,810,0,0,-3,-10,-1,-3,19,19,810,0.1,0.1,0.1,0.1,0.1,0.1,3500,0,0
114,514,114,12,-4,114,514,114,514,0,0,19,19,810,0,0,-4,1,0,-18,19,19,810,0.1,0.1,0.1,0.1,0.1,0.1,3500,0,0
114,514,114,-124,-159,114,514,114,514,0,0,19,19,810,0,1,-4,0,2,-1,19,19,810,0.1,0.1,0.1,0.1,0.1,0.1,3500,0,0
114,514,114,-124,-154,114,514,114,514,0,0,19,19,810,0,0,-4,0,0,-14,19,19,810,0.1,0.1,0.1,0.1,0.1,0.1,3500,0,0
114,514,114,-70,-81,114,514,114,514,0,0,19,19,810,0,1,-4,-2,-1,0,19,19,810,0.1,0.1,0.1,0.1,0.1,0.1,3500,0,0
114,514,114,1,9,114,514,114,514,0,0,19,19,810,0,0,-4,-1,1,2,19,19,810,0.1,0.1,0.1,0.1,0.1,0.1,3500,0,0
114,514,114,1,-3,114,514,114,514,0,0,19,19,810,0,0,-4,3,-4,-26,19,19,810,0.1,0.1,0.1,0.1,0.1,0.1,3500,0,0
114,514,114,-36,-62,114,514,114,514,0,0,19,19,810,0,1,-4,-1,1,-13,19,19,810,0.1,0.1,0.1,0.1,0.1,0.1,3500,0,0
114,514,114,-139,-174,114,514,114,514,0,0,19,19,810,0,1,-4,0,-3,7,19,19,810,0.1,0.1,0.1,0.1,0.1,0.1,3500,0,0
114,514,114,-56,-55,114,514,114,514,0,0,19,19,810,0,1,-4,-2,-1,5,19,19,810,0.1,0.1,0.1,0.1,0.1,0.1,3500,0,0
114,514,114,0,1,114,514,114,514,0,0,19,19,810,0,1,-4,-3,-1,-9,19,19,810,0.1,0.1,0.1,0.1,0.1,0.1,3500,0,0
114,514,114,0,1,114,514,114,514,0,0,19,19,810,0,1,-4,-3,-3,-3,19,19,810,0.1,0.1,0.1,0.1,0.1,0.1,3500,0,0
114,514,114,-38,-53,114,514,114,514,0,0,19,19,810,0,1,-4,0,2,-3,19,19,810,0.1,0.1,0.1,0.1,0.1,0.1,3500,0,0
114,514,114,-34,-30,114,514,114,514,0,0,19,19,810,0,0,-4,-1,-3,7,19,19,810,0.1,0.1,0.1,0.1,0.1,0.1,3500,0,0
114,514,114,84,130,114,514,114,514,0,0,19,19,810,0,1,-4,-2,-3,-1,19,19,810,0.1,0.1,0.1,0.1,0.1,0.1,3500,0,0
114,514,114,141,153,114,514,114,514,0,0,19,19,810,0,0,-4,-10,38,-14,19,19,810,0.1,0.1,0.1,0.1,0.1,0.1,3500,0,0
114,514,114,15,13,114,514,114,514,0,0,19,19,810,0,1,-4,0,0,2,19,19,810,0.1,0.1,0.1,0.1,0.1,0.1,3500,0,0
114,514,114,39,54,114,514,114,514,0,0,19,19,810,0,0,-4,-4,0,0,19,19,810,0.1,0.1,0.1,0.1,0.1,0.1,3500,0,0
114,514,114,98,115,114,514,114,514,0,0,19,19,810,0,1,-4,-5,-3,2,19,19,810,0.1,0.1,0.1,0.1,0.1,0.1,3500,0,0
114,514,114,88,90,114,514,114,514,0,0,19,19,810,0,0,-4,-1,-1,5,19,19,810,0.1,0.1,0.1,0.1,0.1,0.1,3500,0,0
114,514,114,2,9,114,514,114,514,0,0,19,19,810,0,1,-3,6,0,5,19,19,810,0.1,0.1,0.1,0.1,0.1,0.1,3500,0,0
114,514,114,76,84,114,514,114,514,0,0,19,19,810,0,0,-4,-3,-3,9,19,19,810,0.1,0.1,0.1,0.1,0.1,0.1,3500,0,0
114,514,114,123,154,114,514,114,514,0,0,19,19,810,0,0,-4,5,-5,-6,19,19,810,0.1,0.1,0.1,0.1,0.1,0.1,3500,0,0
114,514,114,52,53,114,514,114,514,0,0,19,19,810,0,1,-4,0,4,2,19,19,810,0.1,0.1,0.1,0.1,0.1,0.1,3500,0,0
114,514,114,-1,-5,114,514,114,514,0,0,19,19,810,0,1,-4,-4,-3,-4,19,19,810,0.1,0.1,0.1,0.1,0.1,0.1,3500,0,0
114,514,114,42,65,114,514,114,514,0,0,19,19,810,0,0,-4,0,-1,3,19,19,810,0.1,0.1,0.1,0.1,0.1,0.1,3500,0,0
114,514,114,109,114,114,514,114,514,0,0,19,19,810,0,1,-4,5,-3,-6,19,19,810,0.1,0.1,0.1,0.1,0.1,0.1,3500,0,0
114,514,114,-41,-131,114,514,114,514,0,0,19,19,810,0,0,-4,-5,2,-22,19,19,810,0.1,0.1,0.1,0.1,0.1,0.1,3500,0,0
114,514,114,-171,-211,114,514,114,514,0,0,19,19,810,0,1,-4,1,-15,-11,19,19,810,0.1,0.1,0.1,0.1,0.1,0.1,3500,0,0
114,514,114,-44,-45,114,514,114,514,0,0,19,19,810,0,0,-4,-1,0,0,19,19,810,0.1,0.1,0.1,0.1,0.1,0.1,3500,0,0
114,514,114,-1,-15,114,514,114,514,0,0,19,19,810,0,1,-3,-3,0,-14,19,19,810,0.1,0.1,0.1,0.1,0.1,0.1,3500,0,0
114,514,114,-85,-108,114,514,114,514,0,0,19,19,810,0,1,-4,2,-4,-1,19,19,810,0.1,0.1,0.1,0.1,0.1,0.1,3500,0,0
114,514,114,-5,-7,114,514,114,514,0,0,19,19,810,0,0,-4,0,0,0,19,19,810,0.1,0.1,0.1,0.1,0.1,0.1,3500,0,0
114,514,114,-47,-94,114,514,114,514,0,0,19,19,810,0,1,-3,-6,-2,-3,19,19,810,0.1,0.1,0.1,0.1,0.1,0.1,3500,0,0
114,514,114,-114,-140,114,514,114,514,0,0,19,19,810,0,1,-4,2,-1,10,19,19,810,0.1,0.1,0.1,0.1,0.1,0.1,3500,0,0
114,514,114,-36,-20,114,514,114,514,0,0,19,19,810,0,0,-4,0,0,0,19,19,810,0.1,0.1,0.1,0.1,0.1,0.1,3500,0,0
114,514,114,142,156,114,514,114,514,0,0,19,19,810,0,0,-4,-7,-4,-9,19,19,810,0.1,0.1,0.1,0.1,0.1,0.1,3500,0,0
114,514,114,94,121,114,514,114,514,0,0,19,19,810,0,0,-4,-1,2,1,19,19,810,0.1,0.1,0.1,0.1,0.1,0.1,3500,0,0
114,514,114,63,66,114,514,114,514,0,0,19,19,810,0,1,-4,-3,0,3,19,19,810,0.1,0.1,0.1,0.1,0.1,0.1,3500,0,0
114,514,114,0,5,114,514,114,514,0,0,19,19,810,0,0,-4,0,-8,3,19,19,810,0.1,0.1,0.1,0.1,0.1,0.1,3500,0,0
114,514,114,0,101,114,514,114,514,0,0,19,19,810,0,0,-4,0,-6,3,19,19,810,0.1,0.1,0.1,0.1,0.1,0.1,3500,0,0
114,514,114,0,87,114,514,114,514,0,0,19,19,810,0,0,-4,-1,0,1,19,19,810,0.1,0.1,0.1,0.1,0.1,0.1,3500,0,0
114,514,114,0,0,114,514,114,514,0,0,19,19,810,0,1,-4,-5,1,31,19,19,810,0.1,0.1,0.1,0.1,0.1,0.1,3500,0,0
114,514,114,36,59,114,514,114,514,0,0,19,19,810,0,1,-4,-9,0,11,19,19,810,0.1,0.1,0.1,0.1,0.1,0.1,3500,0,0
114,514,114,82,119,114,514,114,514,0,0,19,19,810,0,0,-4,-4,14,22,19,19,810,0.1,0.1,0.1,0.1,0.1,0.1,3500,0,0
114,514,114,55,60,114,514,114,514,0,0,19,19,810,0,0,-4,-5,2,0,19,19,810,0.1,0.1,0.1,0.1,0.1,0.1,3500,0,0
114,514,114,-36,-100,114,514,114,514,0,0,19,19,810,0,1,-4,-9,-45,-35,19,19,810,0.1,0.1,0.1,0.1,0.1,0.1,3500,0,0
114,514,114,-166,-219,114,514,114,514,0,0,19,19,810,0,0,-4,-2,2,-7,19,19,810,0.1,0.1,0.1,0.1,0.1,0.1,3500,0,0
114,514,114,-41,-48,114,514,114,514,0,0,19,19,810,0,1,-4,-2,0,0,19,19,810,0.1,0.1,0.1,0.1,0.1,0.1,3500,0,0
114,514,114,0,0,114,514,114,514,0,0,19,19,810,0,0,-4,-1,0,0,19,19,810,0.1,0.1,0.1,0.1,0.1,0.1,3500,0,0
114,514,114,0,0,114,514,114,514,0,0,19,19,810,0,0,-4,-1,0,0,19,19,810,0.1,0.1,0.1,0.1,0.1,0.1,3500,0,0
114,514,114,0,0,114,514,114,514,0,0,19,19,810,0,1,-4,-1,0,0,19,19,810,0.1,0.1,0.1,0.1,0.1,0.1,3500,0,0
114,514,114,0,0,114,514,114,514,0,0,19,19,810,0,0,-4,-1,0,0,19,19,810,0.1,0.1,0.1,0.1,0.1,0.1,3500,0,0
114,514,114,0,0,114,514,114,514,0,0,19,19,810,0,0,-4,-1,0,0,19,19,810,0.1,0.1,0.1,0.1,0.1,0.1,3500,0,0
114,514,114,0,0,114,514,114,514,0,0,19,19,810,0,1,-4,-1,0,0,19,19,810,0.1,0.1,0.1,0.1,0.1,0.1,3500,0,0
114,514,114,0,0,114,514,114,514,0,0,19,19,810,0,0,-4,-1,0,0,19,19,810,0.1,0.1,0.1,0.1,0.1,0.1,3500,0,0
114,514,114,0,0,114,514,114,514,0,0,19,19,810,0,0,-4,-1,0,0,19,19,810,0.1,0.1,0.1,0.1,0.1,0.1,3500,0,0
114,514,114,0,0,114,514,114,514,0,0,19,19,810,0,1,-4,-1,0,0,19,19,810,0.1,0.1,0.1,0.1,0.1,0.1,3500,0,0
114,514,114,0,0,114,514,114,514,0,0,19,19,810,0,0,-4,-1,0,0,19,19,810,0.1,0.1,0.1,0.1,0.1,0.1,3500,0,0
114,514,114,0,0,114,514,114,514,0,0,19,19,810,0,1,-4,-1,0,0,19,19,810,0.1,0.1,0.1,0.1,0.1,0.1,3500,0,0
114,514,114,0,0,114,514,114,514,0,0,19,19,810,0,1,-4,-1,0,0,19,19,810,0.1,0.1,0.1,0.1,0.1,0.1,3500,0,0
114,514,114,0,0,114,514,114,514,0,0,19,19,810,0,0,-4,-1,0,0,19,19,810,0.1,0.1,0.1,0.1,0.1,0.1,3500,0,0
114,514,114,0,0,114,514,114,514,0,0,19,19,810,0,1,-4,-1,0,0,19,19,810,0.1,0.1,0.1,0.1,0.1,0.1,3500,0,0
114,514,114,0,0,114,514,114,514,0,0,19,19,810,0,0,-4,-1,0,0,19,19,810,0.1,0.1,0.1,0.1,0.1,0.1,3500,0,0
114,514,114,0,0,114,514,114,514,0,0,19,19,810,0,1,-4,-1,0,0,19,19,810,0.1,0.1,0.1,0.1,0.1,0.1,3500,0,0
114,514,114,0,0,114,514,114,514,0,0,19,19,810,0,0,-4,-1,0,0,19,19,810,0.1,0.1,0.1,0.1,0.1,0.1,3500,0,0
114,514,114,0,0,114,514,114,514,0,0,19,19,810,0,1,-4,-1,0,0,19,19,810,0.1,0.1,0.1,0.1,0.1,0.1,3500,0,0
114,514,114,0,0,114,514,114,514,0,0,19,19,810,0,0,-4,-1,0,0,19,19,810,0.1,0.1,0.1,0.1,0.1,0.1,3500,0,0
114,514,114,0,0,114,514,114,514,0,0,19,19,810,0,0,-4,-1,0,0,19,19,810,0.1,0.1,0.1,0.1,0.1,0.1,3500,0,0
114,514,114,0,0,114,514,114,514,0,0,19,19,810,0,1,-4,-1,0,0,19,19,810,0.1,0.1,0.1,0.1,0.1,0.1,3500,0,0
114,514,114,0,0,114,514,114,514,0,0,19,19,810,0,0,-4,-1,0,0,19,19,810,0.1,0.1,0.1,0.1,0.1,0.1,3500,0,0
114,514,114,0,0,114,514,114,514,0,0,19,19,810,0,0,-4,-1,0,0,19,19,810,0.1,0.1,0.1,0.1,0.1,0.1,3500,0,0
114,514,114,0,0,114,514,114,514,0,0,19,19,810,0,0,-4,-1,0,0,19,19,810,0.1,0.1,0.1,0.1,0.1,0.1,3500,0,0
114,514,114,0,0,114,514,114,514,0,0,19,19,810,0,0,-4,-1,0,0,19,19,810,0.1,0.1,0.1,0.1,0.1,0.1,3500,0,0
114,514,114,0,0,114,514,114,514,0,0,19,19,810,0,0,-4,-1,0,0,19,19,810,0.1,0.1,0.1,0.1,0.1,0.1,3500,0,0
114,514,114,0,0,114,514,114,514,0,0,19,19,810,0,1,-4,-1,0,0,19,19,810,0.1,0.1,0.1,0.1,0.1,0.1,3500,0,0
114,514,114,0,0,114,514,114,514,0,0,19,19,810,0,1,-4,-1,0,0,19,19,810,0.1,0.1,0.1,0.1,0.1,0.1,3500,0,0
114,514,114,0,0,114,514,114,514,0,0,19,19,810,0,0,-4,-1,0,0,19,19,810,0.1,0.1,0.1,0.1,0.1,0.1,3500,0,0
114,514,114,0,0,114,514,114,514,0,0,19,19,810,0,0,-4,-1,0,0,19,19,810,0.1,0.1,0.1,0.1,0.1,0.1,3500,0,0
114,514,114,0,0,114,514,114,514,0,0,19,19,810,0,1,-4,-1,0,0,19,19,810,0.1,0.1,0.1,0.1,0.1,0.1,3500,0,0
114,514,114,0,0,114,514,114,514,0,0,19,19,810,0,0,-4,-1,0,0,19,19,810,0.1,0.1,0.1,0.1,0.1,0.1,3500,0,0
114,514,114,0,0,114,514,114,514,0,0,19,19,810,0,1,-4,-1,0,0,19,19,810,0.1,0.1,0.1,0.1,0.1,0.1,3500,0,0
114,514,114,0,0,114,514,114,514,0,0,19,19,810,0,0,-4,-1,0,0,19,19,810,0.1,0.1,0.1,0.1,0.1,0.1,3500,0,0
114,514,114,0,0,114,514,114,514,0,0,19,19,810,0,1,-4,-1,0,0,19,19,810,0.1,0.1,0.1,0.1,0.1,0.1,3500,0,0
114,514,114,0,0,114,514,114,514,0,0,19,19,810,0,1,-4,-1,0,0,19,19,810,0.1,0.1,0.1,0.1,0.1,0.1,3500,0,0
114,514,114,0,0,114,514,114,514,0,0,19,19,810,0,1,-4,-1,0,0,19,19,810,0.1,0.1,0.1,0.1,0.1,0.1,3500,0,0
114,514,114,0,0,114,514,114,514,0,0,19,19,810,0,0,-4,-1,0,0,19,19,810,0.1,0.1,0.1,0.1,0.1,0.1,3500,0,0
114,514,114,0,0,114,514,114,514,0,0,19,19,810,0,0,-4,-1,0,0,19,19,810,0.1,0.1,0.1,0.1,0.1,0.1,3500,0,0
114,514,114,0,0,114,514,114,514,0,0,19,19,810,0,1,-4,-1,0,0,19,19,810,0.1,0.1,0.1,0.1,0.1,0.1,3500,0,0
114,514,114,0,0,114,514,114,514,0,0,19,19,810,0,0,-4,-1,0,0,19,19,810,0.1,0.1,0.1,0.1,0.1,0.1,3500,0,0
114,514,114,0,0,114,514,114,514,0,0,19,19,810,0,1,-4,-1,0,0,19,19,810,0.1,0.1,0.1,0.1,0.1,0.1,3500,0,0
114,514,114,0,0,114,514,114,514,0,0,19,19,810,0,1,-4,-1,0,0,19,19,810,0.1,0.1,0.1,0.1,0.1,0.1,3500,0,0
114,514,114,0,0,114,514,114,514,0,0,19,19,810,0,0,-4,-1,0,0,19,19,810,0.1,0.1,0.1,0.1,0.1,0.1,3500,0,0
114,514,114,0,0,114,514,114,514,0,0,19,19,810,0,0,-4,-1,0,0,19,19,810,0.1,0.1,0.1,0.1,0.1,0.1,3500,0,0
114,514,114,0,0,114,514,114,514,0,0,19,19,810,0,1,-4,-1,0,0,19,19,810,0.1,0.1,0.1,0.1,0.1,0.1,3500,0,0
114,514,114,0,0,114,514,114,514,0,0,19,19,810,0,1,-4,-1,0,0,19,19,810,0.1,0.1,0.1,0.1,0.1,0.1,3500,0,0
114,514,114,0,0,114,514,114,514,0,0,19,19,810,0,0,-4,-1,0,0,19,19,810,0.1,0.1,0.1,0.1,0.1,0.1,3500,0,0
114,514,114,0,0,114,514,114,514,0,0,19,19,810,0,0,-4,-1,0,0,19,19,810,0.1,0.1,0.1,0.1,0.1,0.1,3500,0,0
114,514,114,0,0,114,514,114,514,0,0,19,19,810,0,0,-4,-1,0,0,19,19,810,0.1,0.1,0.1,0.1,0.1,0.1,3500,0,0
114,514,114,0,0,114,514,114,514,0,0,19,19,810,0,1,-4,-1,0,0,19,19,810,0.1,0.1,0.1,0.1,0.1,0.1,3500,0,0
114,514,114,0,0,114,514,114,514,0,0,19,19,810,0,0,-4,-1,0,0,19,19,810,0.1,0.1,0.1,0.1,0.1,0.1,3500,0,0
114,514,114,0,0,114,514,114,514,0,0,19,19,810,0,0,-4,-1,0,0,19,19,810,0.1,0.1,0.1,0.1,0.1,0.1,3500,0,0
114,514,114,0,0,114,514,114,514,0,0,19,19,810,0,1,-4,-1,0,0,19,19,810,0.1,0.1,0.1,0.1,0.1,0.1,3500,0,0
114,514,114,0,0,114,514,114,514,0,0,19,19,810,0,0,-4,-1,0,0,19,19,810,0.1,0.1,0.1,0.1,0.1,0.1,3500,0,0
114,514,114,0,0,114,514,114,514,0,0,19,19,810,0,1,-4,-1,0,0,19,19,810,0.1,0.1,0.1,0.1,0.1,0.1,3500,0,0
114,514,114,0,0,114,514,114,514,0,0,19,19,810,0,0,-4,-1,0,0,19,19,810,0.1,0.1,0.1,0.1,0.1,0.1,3500,0,0
114,514,114,0,0,114,514,114,514,0,0,19,19,810,0,0,-4,-1,0,0,19,19,810,0.1,0.1,0.1,0.1,0.1,0.1,3500,0,0
114,514,114,0,0,114,514,114,514,0,0,19,19,810,0,0,-4,-1,0,0,19,19,810,0.1,0.1,0.1,0.1,0.1,0.1,3500,0,0
114,514,114,0,0,114,514,114,514,0,0,19,19,810,0,1,-4,-1,0,0,19,19,810,0.1,0.1,0.1,0.1,0.1,0.1,3500,0,0
114,514,114,0,0,114,514,114,514,0,0,19,19,810,0,1,-4,-1,0,0,19,19,810,0.1,0.1,0.1,0.1,0.1,0.1,3500,0,0
114,514,114,0,0,114,514,114,514,0,0,19,19,810,0,0,-4,-1,0,0,19,19,810,0.1,0.1,0.1,0.1,0.1,0.1,3500,0,0
114,514,114,0,0,114,514,114,514,0,0,19,19,810,0,1,-4,-1,0,0,19,19,810,0.1,0.1,0.1,0.1,0.1,0.1,3500,0,0
114,514,114,0,0,114,514,114,514,0,0,19,19,810,0,0,-4,-1,0,0,19,19,810,0.1,0.1,0.1,0.1,0.1,0.1,3500,0,0
114,514,114,0,0,114,514,114,514,0,0,19,19,810,0,1,-4,-1,0,0,19,19,810,0.1,0.1,0.1,0.1,0.1,0.1,3500,0,0
114,514,114,0,0,114,514,114,514,0,0,19,19,810,0,1,-4,-1,0,0,19,19,810,0.1,0.1,0.1,0.1,0.1,0.1,3500,0,0
114,514,114,0,0,114,514,114,514,0,0,19,19,810,0,1,-4,-1,0,0,19,19,810,0.1,0.1,0.1,0.1,0.1,0.1,3500,0,0
114,514,114,0,0,114,514,114,514,0,0,19,19,810,0,0,-4,-1,0,0,19,19,810,0.1,0.1,0.1,0.1,0.1,0.1,3500,0,0
114,514,114,0,0,114,514,114,514,0,0,19,19,810,0,0,-4,-1,0,0,19,19,810,0.1,0.1,0.1,0.1,0.1,0.1,3500,0,0
114,514,114,0,0,114,514,114,514,0,0,19,19,810,0,0,-4,-1,0,0,19,19,810,0.1,0.1,0.1,0.1,0.1,0.1,3500,0,0
114,514,114,0,0,114,514,114,514,0,0,19,19,810,0,0,-4,-1,0,0,19,19,810,0.1,0.1,0.1,0.1,0.1,0.1,3500,0,0
114,514,114,0,0,114,514,114,514,0,0,19,19,810,0,0,-4,-1,0,0,19,19,810,0.1,0.1,0.1,0.1,0.1,0.1,3500,0,0
114,514,114,0,0,114,514,114,514,0,0,19,19,810,0,1,-4,-1,0,0,19,19,810,0.1,0.1,0.1,0.1,0.1,0.1,3500,0,0
114,514,114,0,0,114,514,114,514,0,0,19,19,810,0,0,-4,-1,0,0,19,19,810,0.1,0.1,0.1,0.1,0.1,0.1,3500,0,0
114,514,114,0,0,114,514,114,514,0,0,19,19,810,0,0,-4,-1,0,0,19,19,810,0.1,0.1,0.1,0.1,0.1,0.1,3500,0,0
114,514,114,0,0,114,514,114,514,0,0,19,19,810,0,0,-4,-1,0,0,19,19,810,0.1,0.1,0.1,0.1,0.1,0.1,3500,0,0
114,514,114,0,0,114,514,114,514,0,0,19,19,810,0,1,-4,-1,0,0,19,19,810,0.1,0.1,0.1,0.1,0.1,0.1,3500,0,0
114,514,114,0,0,114,514,114,514,0,0,19,19,810,0,1,-4,-1,0,0,19,19,810,0.1,0.1,0.1,0.1,0.1,0.1,3500,0,0
114,514,114,0,0,114,514,114,514,0,0,19,19,810,0,0,-4,-1,0,0,19,19,810,0.1,0.1,0.1,0.1,0.1,0.1,3500,0,0
114,514,114,0,0,114,514,114,514,0,0,19,19,810,0,1,-4,-1,0,0,19,19,810,0.1,0.1,0.1,0.1,0.1,0.1,3500,0,0
114,514,114,0,0,114,514,114,514,0,0,19,19,810,0,1,-4,-1,0,0,19,19,810,0.1,0.1,0.1,0.1,0.1,0.1,3500,0,0
114,514,114,0,0,114,514,114,514,0,0,19,19,810,0,0,-4,-1,0,0,19,19,810,0.1,0.1,0.1,0.1,0.1,0.1,3500,0,0
114,514,114,0,0,114,514,114,514,0,0,19,19,810,0,1,-4,-1,0,0,19,19,810,0.1,0.1,0.1,0.1,0.1,0.1,3500,0,0
114,514,114,0,0,114,514,114,514,0,0,19,19,810,0,0,-4,-1,0,0,19,19,810,0.1,0.1,0.1,0.1,0.1,0.1,3500,0,0
114,514,114,0,0,114,514,114,514,0,0,19,19,810,0,0,-4,-1,0,0,19,19,810,0.1,0.1,0.1,0.1,0.1,0.1,3500,0,0
114,514,114,0,0,114,514,114,514,0,0,19,19,810,0,0,-4,-1,0,0,19,19,810,0.1,0.1,0.1,0.1,0.1,0.1,3500,0,0
114,514,114,0,0,114,514,114,514,0,0,19,19,810,0,1,-4,-1,0,0,19,19,810,0.1,0.1,0.1,0.1,0.1,0.1,3500,0,0
114,514,114,0,0,114,514,114,514,0,0,19,19,810,0,1,-4,-1,0,0,19,19,810,0.1,0.1,0.1,0.1,0.1,0.1,3500,0,0
114,514,114,0,0,114,514,114,514,0,0,19,19,810,0,1,-4,-1,0,0,19,19,810,0.1,0.1,0.1,0.1,0.1,0.1,3500,0,0
114,514,114,0,0,114,514,114,514,0,0,19,19,810,0,1,-4,-1,0,0,19,19,810,0.1,0.1,0.1,0.1,0.1,0.1,3500,0,0
114,514,114,0,0,114,514,114,514,0,0,19,19,810,0,0,-4,-1,0,0,19,19,810,0.1,0.1,0.1,0.1,0.1,0.1,3500,0,0
114,514,114,0,0,114,514,114,514,0,0,19,19,810,0,1,-4,-1,0,0,19,19,810,0.1,0.1,0.1,0.1,0.1,0.1,3500,0,0
114,514,114,0,0,114,514,114,514,0,0,19,19,810,0,1,-4,-1,0,0,19,19,810,0.1,0.1,0.1,0.1,0.1,0.1,3500,0,0
114,514,114,0,0,114,514,114,514,0,0,19,19,810,0,0,-4,-1,0,0,19,19,810,0.1,0.1,0.1,0.1,0.1,0.1,3500,0,0
114,514,114,0,0,114,514,114,514,0,0,19,19,810,0,1,-4,-1,0,0,19,19,810,0.1,0.1,0.1,0.1,0.1,0.1,3500,0,0
114,514,114,0,0,114,514,114,514,0,0,19,19,810,0,1,-4,-1,0,0,19,19,810,0.1,0.1,0.1,0.1,0.1,0.1,3500,0,0
114,514,114,0,0,114,514,114,514,0,0,19,19,810,0,1,-4,-1,0,0,19,19,810,0.1,0.1,0.1,0.1,0.1,0.1,3500,0,0
114,514,114,0,0,114,514,114,514,0,0,19,19,810,0,0,-4,-1,0,0,19,19,810,0.1,0.1,0.1,0.1,0.1,0.1,3500,0,0
114,514,114,0,0,114,514,114,514,0,0,19,19,810,0,0,-4,-1,0,0,19,19,810,0.1,0.1,0.1,0.1,0.1,0.1,3500,0,0
114,514,114,0,0,114,514,114,514,0,0,19,19,810,0,0,-4,-1,0,0,19,19,810,0.1,0.1,0.1,0.1,0.1,0.1,3500,0,0
114,514,114,0,0,114,514,114,514,0,0,19,19,810,0,1,-4,-1,0,0,19,19,810,0.1,0.1,0.1,0.1,0.1,0.1,3500,0,0
114,514,114,0,0,114,514,114,514,0,0,19,19,810,0,0,-4,-1,0,0,19,19,810,0.1,0.1,0.1,0.1,0.1,0.1,3500,0,0
114,514,114,0,0,114,514,114,514,0,0,19,19,810,0,1,-4,-1,0,0,19,19,810,0.1,0.1,0.1,0.1,0.1,0.1,3500,0,0
114,514,114,0,0,114,514,114,514,0,0,19,19,810,0,1,-4,-1,0,0,19,19,810,0.1,0.1,0.1,0.1,0.1,0.1,3500,0,0
114,514,114,0,0,114,514,114,514,0,0,19,19,810,0,0,-4,-1,0,0,19,19,810,0.1,0.1,0.1,0.1,0.1,0.1,3500,0,0
114,514,114,0,0,114,514,114,514,0,0,19,19,810,0,0,-4,-1,0,0,19,19,810,0.1,0.1,0.1,0.1,0.1,0.1,3500,0,0
114,514,114,0,0,114,514,114,514,0,0,19,19,810,0,0,-4,-1,0,0,19,19,810,0.1,0.1,0.1,0.1,0.1,0.1,3500,0,0
114,514,114,0,0,114,514,114,514,0,0,19,19,810,0,0,-4,-1,0,0,19,19,810,0.1,0.1,0.1,0.1,0.1,0.1,3500,0,0
114,514,114,0,0,114,514,114,514,0,0,19,19,810,0,1,-4,-1,0,0,19,19,810,0.1,0.1,0.1,0.1,0.1,0.1,3500,0,0
114,514,114,0,0,114,514,114,514,0,0,19,19,810,0,0,-4,-1,0,0,19,19,810,0.1,0.1,0.1,0.1,0.1,0.1,3500,0,0
114,514,114,0,0,114,514,114,514,0,0,19,19,810,0,0,-4,-1,0,0,19,19,810,0.1,0.1,0.1,0.1,0.1,0.1,3500,0,0
114,514,114,0,0,114,514,114,514,0,0,19,19,810,0,0,-4,-1,0,0,19,19,810,0.1,0.1,0.1,0.1,0.1,0.1,3500,0,0
114,514,114,0,0,114,514,114,514,0,0,19,19,810,0,1,-4,-1,0,0,19,19,810,0.1,0.1,0.1,0.1,0.1,0.1,3500,0,0
114,514,114,0,0,114,514,114,514,0,0,19,19,810,0,0,-4,-1,0,0,19,19,810,0.1,0.1,0.1,0.1,0.1,0.1,3500,0,0
114,514,114,0,0,114,514,114,514,0,0,19,19,810,0,0,-4,-1,0,0,19,19,810,0.1,0.1,0.1,0.1,0.1,0.1,3500,0,0
114,514,114,0,0,114,514,114,514,0,0,19,19,810,0,0,-4,-1,0,0,19,19,810,0.1,0.1,0.1,0.1,0.1,0.1,3500,0,0
114,514,114,0,0,114,514,114,514,0,0,19,19,810,0,1,-4,-1,0,0,19,19,810,0.1,0.1,0.1,0.1,0.1,0.1,3500,0,0
114,514,114,0,0,114,514,114,514,0,0,19,19,810,0,0,-4,-1,0,0,19,19,810,0.1,0.1,0.1,0.1,0.1,0.1,3500,0,0
114,514,114,0,0,114,514,114,514,0,0,19,19,810,0,1,-4,-1,0,0,19,19,810,0.1,0.1,0.1,0.1,0.1,0.1,3500,0,0
114,514,114,0,0,114,514,114,514,0,0,19,19,810,0,1,-4,-1,0,0,19,19,810,0.1,0.1,0.1,0.1,0.1,0.1,3500,0,0
114,514,114,0,0,114,514,114,514,0,0,19,19,810,0,0,-4,-1,0,0,19,19,810,0.1,0.1,0.1,0.1,0.1,0.1,3500,0,0
114,514,114,0,0,114,514,114,514,0,0,19,19,810,0,0,-4,-1,0,0,19,19,810,0.1,0.1,0.1,0.1,0.1,0.1,3500,0,0
114,514,114,0,0,114,514,114,514,0,0,19,19,810,0,1,-4,-1,0,0,19,19,810,0.1,0.1,0.1,0.1,0.1,0.1,3500,0,0
114,514,114,0,0,114,514,114,514,0,0,19,19,810,0,0,-4,-1,0,0,19,19,810,0.1,0.1,0.1,0.1,0.1,0.1,3500,0,0
114,514,114,0,0,114,514,114,514,0,0,19,19,810,0,0,-4,-1,0,0,19,19,810,0.1,0.1,0.1,0.1,0.1,0.1,3500,0,0
114,514,114,0,0,114,514,114,514,0,0,19,19,810,0,0,-4,-1,0,0,19,19,810,0.1,0.1,0.1,0.1,0.1,0.1,3500,0,0
114,514,114,0,0,114,514,114,514,0,0,19,19,810,0,0,-4,-1,0,0,19,19,810,0.1,0.1,0.1,0.1,0.1,0.1,3500,0,0
114,514,114,0,0,114,514,114,514,0,0,19,19,810,0,1,-4,-1,0,0,19,19,810,0.1,0.1,0.1,0.1,0.1,0.1,3500,0,0
114,514,114,0,0,114,514,114,514,0,0,19,19,810,0,0,-4,-1,0,0,19,19,810,0.1,0.1,0.1,0.1,0.1,0.1,3500,0,0
114,514,114,0,0,114,514,114,514,0,0,19,19,810,0,0,-4,-1,0,0,19,19,810,0.1,0.1,0.1,0.1,0.1,0.1,3500,0,0
114,514,114,0,0,114,514,114,514,0,0,19,19,810,0,1,-4,-1,0,0,19,19,810,0.1,0.1,0.1,0.1,0.1,0.1,3500,0,0
114,514,114,0,0,114,514,114,514,0,0,19,19,810,0,1,-4,-1,0,0,19,19,810,0.1,0.1,0.1,0.1,0.1,0.1,3500,0,0
114,514,114,0,0,114,514,114,514,0,0,19,19,810,0,0,-4,-1,0,0,19,19,810,0.1,0.1,0.1,0.1,0.1,0.1,3500,0,0
114,514,114,0,0,114,514,114,514,0,0,19,19,810,0,1,-4,-1,0,0,19,19,810,0.1,0.1,0.1,0.1,0.1,0.1,3500,0,0
114,514,114,0,0,114,514,114,514,0,0,19,19,810,0,1,-4,-1,0,0,19,19,810,0.1,0.1,0.1,0.1,0.1,0.1,3500,0,0
114,514,114,0,0,114,514,114,514,0,0,19,19,810,0,0,-4,-1,0,0,19,19,810,0.1,0.1,0.1,0.1,0.1,0.1,3500,0,0
114,514,114,0,0,114,514,114,514,0,0,19,19,810,0,1,-4,-1,0,0,19,19,810,0.1,0.1,0.1,0.1,0.1,0.1,3500,0,0
114,514,114,0,0,114,514,114,514,0,0,19,19,810,0,1,-4,-1,0,0,19,19,810,0.1,0.1,0.1,0.1,0.1,0.1,3500,0,0
114,514,114,0,0,114,514,114,514,0,0,19,19,810,0,1,-4,-1,0,0,19,19,810,0.1,0.1,0.1,0.1,0.1,0.1,3500,0,0
114,514,114,0,0,114,514,114,514,0,0,19,19,810,0,0,-4,-1,0,0,19,19,810,0.1,0.1,0.1,0.1,0.1,0.1,3500,0,0
114,514,114,0,0,114,514,114,514,0,0,19,19,810,0,1,-4,-1,0,0,19,19,810,0.1,0.1,0.1,0.1,0.1,0.1,3500,0,0
114,514,114,0,0,114,514,114,514,0,0,19,19,810,0,0,-4,-1,0,0,19,19,810,0.1,0.1,0.1,0.1,0.1,0.1,3500,0,0
114,514,114,0,0,114,514,114,514,0,0,19,19,810,0,0,-4,-1,0,0,19,19,810,0.1,0.1,0.1,0.1,0.1,0.1,3500,0,0
114,514,114,0,0,114,514,114,514,0,0,19,19,810,0,0,-4,-1,0,0,19,19,810,0.1,0.1,0.1,0.1,0.1,0.1,3500,0,0
114,514,114,0,0,114,514,114,514,0,0,19,19,810,0,0,-4,-1,0,0,19,19,810,0.1,0.1,0.1,0.1,0.1,0.1,3500,0,0
114,514,114,0,0,114,514,114,514,0,0,19,19,810,0,0,-4,-1,0,0,19,19,810,0.1,0.1,0.1,0.1,0.1,0.1,3500,0,0
114,514,114,0,0,114,514,114,514,0,0,19,19,810,0,0,-4,-1,0,0,19,19,810,0.1,0.1,0.1,0.1,0.1,0.1,3500,0,0
114,514,114,0,0,114,514,114,514,0,0,19,19,810,0,0,-4,-1,0,0,19,19,810,0.1,0.1,0.1,0.1,0.1,0.1,3500,0,0
114,514,114,0,0,114,514,114,514,0,0,19,19,810,0,0,-4,-1,0,0,19,19,810,0.1,0.1,0.1,0.1,0.1,0.1,3500,0,0
114,514,114,0,0,114,514,114,514,0,0,19,19,810,0,0,-4,-1,0,0,19,19,810,0.1,0.1,0.1,0.1,0.1,0.1,3500,0,0
114,514,114,0,0,114,514,114,514,0,0,19,19,810,0,0,-4,-1,0,0,19,19,810,0.1,0.1,0.1,0.1,0.1,0.1,3500,0,0
114,514,114,0,0,114,514,114,514,0,0,19,19,810,0,0,-4,-1,0,0,19,19,810,0.1,0.1,0.1,0.1,0.1,0.1,3500,0,0
114,514,114,0,0,114,514,114,514,0,0,19,19,810,0,0,-4,-1,0,0,19,19,810,0.1,0.1,0.1,0.1,0.1,0.1,3500,0,0
114,514,114,0,0,114,514,114,514,0,0,19,19,810,0,0,-4,-1,0,0,19,19,810,0.1,0.1,0.1,0.1,0.1,0.1,3500,0,0
114,514,114,0,0,114,514,114,514,0,0,19,19,810,0,0,-4,-1,0,0,19,19,810,0.1,0.1,0.1,0.1,0.1,0.1,3500,0,0
114,514,114,0,0,114,514,114,514,0,0,19,19,810,0,1,-4,-1,0,0,19,19,810,0.1,0.1,0.1,0.1,0.1,0.1,3500,0,0
114,514,114,0,0,114,514,114,514,0,0,19,19,810,0,1,-4,-1,0,0,19,19,810,0.1,0.1,0.1,0.1,0.1,0.1,3500,0,0
114,514,114,0,0,114,514,114,514,0,0,19,19,810,0,0,-4,-1,0,0,19,19,810,0.1,0.1,0.1,0.1,0.1,0.1,3500,0,0
114,514,114,0,0,114,514,114,514,0,0,19,19,810,0,0,-4,-1,0,0,19,19,810,0.1,0.1,0.1,0.1,0.1,0.1,3500,0,0
114,514,114,0,0,114,514,114,514,0,0,19,19,810,0,0,-4,-1,0,0,19,19,810,0.1,0.1,0.1,0.1,0.1,0.1,3500,0,0
114,514,114,0,0,114,514,114,514,0,0,19,19,810,0,0,-4,-1,0,0,19,19,810,0.1,0.1,0.1,0.1,0.1,0.1,3500,0,0
114,514,114,0,0,114,514,114,514,0,0,19,19,810,0,0,-4,-1,0,0,19,19,810,0.1,0.1,0.1,0.1,0.1,0.1,3500,0,0
114,514,114,0,0,114,514,114,514,0,0,19,19,810,0,0,-4,-1,0,0,19,19,810,0.1,0.1,0.1,0.1,0.1,0.1,3500,0,0
114,514,114,0,0,114,514,114,514,0,0,19,19,810,0,0,-4,-1,0,0,19,19,810,0.1,0.1,0.1,0.1,0.1,0.1,3500,0,0
114,514,114,0,0,114,514,114,514,0,0,19,19,810,0,0,-4,-1,0,0,19,19,810,0.1,0.1,0.1,0.1,0.1,0.1,3500,0,0
114,514,114,0,0,114,514,114,514,0,0,19,19,810,0,1,-4,-1,0,0,19,19,810,0.1,0.1,0.1,0.1,0.1,0.1,3500,0,0
114,514,114,0,0,114,514,114,514,0,0,19,19,810,0,0,-4,-1,0,0,19,19,810,0.1,0.1,0.1,0.1,0.1,0.1,3500,0,0
114,514,114,0,0,114,514,114,514,0,0,19,19,810,0,1,-4,-1,0,0,19,19,810,0.1,0.1,0.1,0.1,0.1,0.1,3500,0,0
114,514,114,0,0,114,514,114,514,0,0,19,19,810,0,0,-4,-1,0,0,19,19,810,0.1,0.1,0.1,0.1,0.1,0.1,3500,0,0
114,514,114,0,0,114,514,114,514,0,0,19,19,810,0,1,-4,-1,0,0,19,19,810,0.1,0.1,0.1,0.1,0.1,0.1,3500,0,0
114,514,114,0,0,114,514,114,514,0,0,19,19,810,0,0,-4,-1,0,0,19,19,810,0.1,0.1,0.1,0.1,0.1,0.1,3500,0,0
114,514,114,0,0,114,514,114,514,0,0,19,19,810,0,1,-4,-1,0,0,19,19,810,0.1,0.1,0.1,0.1,0.1,0.1,3500,0,0
114,514,114,0,0,114,514,114,514,0,0,19,19,810,0,0,-4,-1,0,0,19,19,810,0.1,0.1,0.1,0.1,0.1,0.1,3500,0,0
114,514,114,0,0,114,514,114,514,0,0,19,19,810,0,0,-4,-1,0,0,19,19,810,0.1,0.1,0.1,0.1,0.1,0.1,3500,0,0
114,514,114,0,0,114,514,114,514,0,0,19,19,810,0,0,-4,-1,0,0,19,19,810,0.1,0.1,0.1,0.1,0.1,0.1,3500,0,0
114,514,114,0,0,114,514,114,514,0,0,19,19,810,0,1,-4,-1,0,0,19,19,810,0.1,0.1,0.1,0.1,0.1,0.1,3500,0,0
114,514,114,0,0,114,514,114,514,0,0,19,19,810,0,0,-4,-1,0,0,19,19,810,0.1,0.1,0.1,0.1,0.1,0.1,3500,0,0
114,514,114,0,0,114,514,114,514,0,0,19,19,810,0,0,-4,-1,0,0,19,19,810,0.1,0.1,0.1,0.1,0.1,0.1,3500,0,0
114,514,114,0,0,114,514,114,514,0,0,19,19,810,0,0,-4,-1,0,0,19,19,810,0.1,0.1,0.1,0.1,0.1,0.1,3500,0,0
114,514,114,0,0,114,514,114,514,0,0,19,19,810,0,0,-4,-1,0,0,19,19,810,0.1,0.1,0.1,0.1,0.1,0.1,3500,0,0
114,514,114,0,0,114,514,114,514,0,0,19,19,810,0,0,-4,-1,0,0,19,19,810,0.1,0.1,0.1,0.1,0.1,0.1,3500,0,0
114,514,114,0,0,114,514,114,514,0,0,19,19,810,0,1,-4,-1,0,0,19,19,810,0.1,0.1,0.1,0.1,0.1,0.1,3500,0,0
114,514,114,0,0,114,514,114,514,0,0,19,19,810,0,1,-4,-1,0,0,19,19,810,0.1,0.1,0.1,0.1,0.1,0.1,3500,0,0
114,514,114,0,0,114,514,114,514,0,0,19,19,810,0,0,-4,-1,0,0,19,19,810,0.1,0.1,0.1,0.1,0.1,0.1,3500,0,0
114,514,114,0,0,114,514,114,514,0,0,19,19,810,0,0,-4,-1,0,0,19,19,810,0.1,0.1,0.1,0.1,0.1,0.1,3500,0,0
114,514,114,0,0,114,514,114,514,0,0,19,19,810,0,1,-4,-1,0,0,19,19,810,0.1,0.1,0.1,0.1,0.1,0.1,3500,0,0
114,514,114,0,0,114,514,114,514,0,0,19,19,810,0,0,-4,-1,0,0,19,19,810,0.1,0.1,0.1,0.1,0.1,0.1,3500,0,0
114,514,114,0,0,114,514,114,514,0,0,19,19,810,0,0,-4,-1,0,0,19,19,810,0.1,0.1,0.1,0.1,0.1,0.1,3500,0,0
114,514,114,0,0,114,514,114,514,0,0,19,19,810,0,0,-4,-1,0,0,19,19,810,0.1,0.1,0.1,0.1,0.1,0.1,3500,0,0
114,514,114,0,0,114,514,114,514,0,0,19,19,810,0,1,-4,-1,0,0,19,19,810,0.1,0.1,0.1,0.1,0.1,0.1,3500,0,0
114,514,114,0,0,114,514,114,514,0,0,19,19,810,0,1,-4,-1,0,0,19,19,810,0.1,0.1,0.1,0.1,0.1,0.1,3500,0,0
114,514,114,0,0,114,514,114,514,0,0,19,19,810,0,0,-4,-1,0,0,19,19,810,0.1,0.1,0.1,0.1,0.1,0.1,3500,0,0
114,514,114,0,0,114,514,114,514,0,0,19,19,810,0,0,-4,-1,0,0,19,19,810,0.1,0.1,0.1,0.1,0.1,0.1,3500,0,0
114,514,114,0,0,114,514,114,514,0,0,19,19,810,0,0,-4,-1,0,0,19,19,810,0.1,0.1,0.1,0.1,0.1,0.1,3500,0,0
114,514,114,0,0,114,514,114,514,0,0,19,19,810,0,1,-4,-1,0,0,19,19,810,0.1,0.1,0.1,0.1,0.1,0.1,3500,0,0
114,514,114,0,0,114,514,114,514,0,0,19,19,810,0,0,-4,-1,0,0,19,19,810,0.1,0.1,0.1,0.1,0.1,0.1,3500,0,0
114,514,114,0,0,114,514,114,514,0,0,19,19,810,0,0,-4,-1,0,0,19,19,810,0.1,0.1,0.1,0.1,0.1,0.1,3500,0,0
114,514,114,0,0,114,514,114,514,0,0,19,19,810,0,1,-4,-1,0,0,19,19,810,0.1,0.1,0.1,0.1,0.1,0.1,3500,0,0
114,514,114,0,0,114,514,114,514,0,0,19,19,810,0,0,-4,-1,0,0,19,19,810,0.1,0.1,0.1,0.1,0.1,0.1,3500,0,0
114,514,114,0,0,114,514,114,514,0,0,19,19,810,0,0,-4,-1,0,0,19,19,810,0.1,0.1,0.1,0.1,0.1,0.1,3500,0,0
114,514,114,0,0,114,514,114,514,0,0,19,19,810,0,0,-4,-1,0,0,19,19,810,0.1,0.1,0.1,0.1,0.1,0.1,3500,0,0
114,514,114,0,0,114,514,114,514,0,0,19,19,810,0,0,-4,-1,0,0,19,19,810,0.1,0.1,0.1,0.1,0.1,0.1,3500,0,0
114,514,114,0,0,114,514,114,514,0,0,19,19,810,0,0,-4,-1,0,0,19,19,810,0.1,0.1,0.1,0.1,0.1,0.1,3500,0,0
114,514,114,0,0,114,514,114,514,0,0,19,19,810,0,0,-4,-1,0,0,19,19,810,0.1,0.1,0.1,0.1,0.1,0.1,3500,0,0
114,514,114,0,0,114,514,114,514,0,0,19,19,810,0,1,-4,0,-3,0,19,19,810,0.1,0.1,0.1,0.1,0.1,0.1,3500,0,0
114,514,114,-1,0,114,514,114,514,0,0,19,19,810,0,1,-4,-3,0,-2,19,19,810,0.1,0.1,0.1,0.1,0.1,0.1,3500,0,0
114,514,114,0,0,114,514,114,514,0,0,19,19,810,0,0,-4,-1,-1,-1,19,19,810,0.1,0.1,0.1,0.1,0.1,0.1,3500,0,0
114,514,114,0,0,114,514,114,514,0,0,19,19,810,0,0,-4,-2,0,-1,19,19,810,0.1,0.1,0.1,0.1,0.1,0.1,3500,0,0
114,514,114,0,0,114,514,114,514,0,0,19,19,810,0,0,-4,0,0,-2,19,19,810,0.1,0.1,0.1,0.1,0.1,0.1,3500,0,0
114,514,114,0,0,114,514,114,514,0,0,19,19,810,0,0,-4,0,0,-1,19,19,810,0.1,0.1,0.1,0.1,0.1,0.1,3500,0,0
114,514,114,0,0,114,514,114,514,0,0,19,19,810,0,0,-4,-1,0,0,19,19,810,0.1,0.1,0.1,0.1,0.1,0.1,3500,0,0
114,514,114,0,0,114,514,114,514,0,0,19,19,810,0,1,-4,5,0,0,19,19,810,0.1,0.1,0.1,0.1,0.1,0.1,3500,0,0
114,514,114,0,0,114,514,114,514,0,0,19,19,810,0,1,-4,0,-1,0,19,19,810,0.1,0.1,0.1,0.1,0.1,0.1,3500,0,0
114,514,114,0,0,114,514,114,514,0,0,19,19,810,0,0,-4,-1,0,2,19,19,810,0.1,0.1,0.1,0.1,0.1,0.1,3500,0,0
114,514,114,0,0,114,514,114,514,0,0,19,19,810,0,1,-4,-1,0,-1,19,19,810,0.1,0.1,0.1,0.1,0.1,0.1,3500,0,0
114,514,114,0,0,114,514,114,514,0,0,19,19,810,0,1,-4,-1,0,1,19,19,810,0.1,0.1,0.1,0.1,0.1,0.1,3500,0,0
114,514,114,0,0,114,514,114,514,0,0,19,19,810,0,1,-4,2,0,4,19,19,810,0.1,0.1,0.1,0.1,0.1,0.1,3500,0,0
114,514,114,0,0,114,514,114,514,0,0,19,19,810,0,1,-4,0,0,2,19,19,810,0.1,0.1,0.1,0.1,0.1,0.1,3500,0,0
114,514,114,0,0,114,514,114,514,0,0,19,19,810,0,0,-4,5,1,11,19,19,810,0.1,0.1,0.1,0.1,0.1,0.1,3500,0,0
114,514,114,0,0,114,514,114,514,0,0,19,19,810,0,0,-4,-7,-1,-3,19,19,810,0.1,0.1,0.1,0.1,0.1,0.1,3500,0,0
114,514,114,0,0,114,514,114,514,0,0,19,19,810,0,0,-4,-4,0,-2,19,19,810,0.1,0.1,0.1,0.1,0.1,0.1,3500,0,0
114,514,114,0,0,114,514,114,514,0,0,19,19,810,0,1,-4,-4,0,0,19,19,810,0.1,0.1,0.1,0.1,0.1,0.1,3500,0,0
114,514,114,0,0,114,514,114,514,0,0,19,19,810,0,0,-4,1,-4,-1,19,19,810,0.1,0.1,0.1,0.1,0.1,0.1,3500,0,0
114,514,114,0,0,114,514,114,514,0,0,19,19,810,0,1,-4,-4,1,0,19,19,810,0.1,0.1,0.1,0.1,0.1,0.1,3500,0,0
114,514,114,0,0,114,514,114,514,0,0,19,19,810,0,1,-4,-1,0,0,19,19,810,0.1,0.1,0.1,0.1,0.1,0.1,3500,0,0
114,514,114,0,0,114,514,114,514,0,0,19,19,810,0,1,-4,-1,0,0,19,19,810,0.1,0.1,0.1,0.1,0.1,0.1,3500,0,0
114,514,114,0,0,114,514,114,514,0,0,19,19,810,0,1,-4,-1,0,0,19,19,810,0.1,0.1,0.1,0.1,0.1,0.1,3500,0,0
114,514,114,0,0,114,514,114,514,0,0,19,19,810,0,1,-4,0,0,0,19,19,810,0.1,0.1,0.1,0.1,0.1,0.1,3500,0,0
114,514,114,0,0,114,514,114,514,0,0,19,19,810,0,1,-4,0,1,3,19,19,810,0.1,0.1,0.1,0.1,0.1,0.1,3500,0,0
114,514,114,0,1,114,514,114,514,0,0,19,19,810,0,0,-4,0,2,3,19,19,810,0.1,0.1,0.1,0.1,0.1,0.1,3500,0,0
114,514,114,0,0,114,514,114,514,0,0,19,19,810,0,0,-3,0,6,18,19,19,810,0.1,0.1,0.1,0.1,0.1,0.1,3500,0,0
