114,514,114,0,0,114,514,114,514,0,0,19,19,810,0,0,-2,-1,0,0,19,19,810,0.100000,0.100000,0.100000,0.100000,0.100000,0.100000,3500,0,0
114,514,114,0,0,114,514,114,514,0,0,19,19,810,0,0,-2,-1,0,0,19,19,810,0.100000,0.100000,0.100000,0.100000,0.100000,0.100000,3500,0,0
114,514,114,0,0,114,514,114,514,0,0,19,19,810,0,0,-2,-1,0,0,19,19,810,0.100000,0.100000,0.100000,0.100000,0.100000,0.100000,3500,0,0
114,514,114,0,0,114,514,114,514,0,0,19,19,810,0,0,-2,-1,0,0,19,19,810,0.100000,0.100000,0.100000,0.100000,0.100000,0.100000,3500,0,0
114,514,114,0,0,114,514,114,514,0,0,19,19,810,0,0,-1,0,-1,0,19,19,810,0.100000,0.100000,0.100000,0.100000,0.100000,0.100000,3500,0,0
114,514,114,0,0,114,514,114,514,0,0,19,19,810,0,0,-1,-1,0,0,19,19,810,0.100000,0.100000,0.100000,0.100000,0.100000,0.100000,3500,0,0
114,514,114,0,0,114,514,114,514,0,0,19,19,810,0,0,-2,-1,0,0,19,19,810,0.100000,0.100000,0.100000,0.100000,0.100000,0.100000,3500,0,0
114,514,114,0,0,114,514,114,514,0,0,19,19,810,0,0,-2,-1,0,0,19,19,810,0.100000,0.100000,0.100000,0.100000,0.100000,0.100000,3500,0,0
114,514,114,0,0,114,514,114,514,0,0,19,19,810,0,0,-2,-1,0,0,19,19,810,0.100000,0.100000,0.100000,0.100000,0.100000,0.100000,3500,0,0
114,514,114,0,0,114,514,114,514,0,0,19,19,810,0,0,-1,-1,0,0,19,19,810,0.100000,0.100000,0.100000,0.100000,0.100000,0.100000,3500,0,0
114,514,114,0,0,114,514,114,514,0,0,19,19,810,0,0,-1,-1,0,0,19,19,810,0.100000,0.100000,0.100000,0.100000,0.100000,0.100000,3500,0,0
114,514,114,0,0,114,514,114,514,0,0,19,19,810,0,0,-2,-1,0,0,19,19,810,0.100000,0.100000,0.100000,0.100000,0.100000,0.100000,3500,0,0
114,514,114,0,0,114,514,114,514,0,0,19,19,810,0,0,-2,-1,0,0,19,19,810,0.100000,0.100000,0.100000,0.100000,0.100000,0.100000,3500,0,0
114,514,114,0,0,114,514,114,514,0,0,19,19,810,0,0,-2,-1,0,0,19,19,810,0.100000,0.100000,0.100000,0.100000,0.100000,0.100000,3500,0,0
114,514,114,0,0,114,514,114,514,0,0,19,19,810,0,0,-2,-1,0,0,19,19,810,0.100000,0.100000,0.100000,0.100000,0.100000,0.100000,3500,0,0
114,514,114,0,0,114,514,114,514,0,0,19,19,810,0,0,-2,-1,0,0,19,19,810,0.100000,0.100000,0.100000,0.100000,0.100000,0.100000,3500,0,0
114,514,114,0,0,114,514,114,514,0,0,19,19,810,0,0,-2,-1,0,0,19,19,810,0.100000,0.100000,0.100000,0.100000,0.100000,0.100000,3500,0,0
114,514,114,0,0,114,514,114,514,0,0,19,19,810,0,0,-2,-1,0,0,19,19,810,0.100000,0.100000,0.100000,0.100000,0.100000,0.100000,3500,0,0
114,514,114,0,0,114,514,114,514,0,0,19,19,810,0,0,-1,-1,0,0,19,19,810,0.100000,0.100000,0.100000,0.100000,0.100000,0.100000,3500,0,0
114,514,114,171,170,114,514,114,514,0,-2,19,19,810,0,0,-2,-2,13,-2,19,19,810,0.100000,0.100000,0.100000,0.100000,0.100000,0.100000,3500,0,0
114,514,114,777,800,114,514,114,514,0,-3,19,19,810,1,0,-2,-9,-21,2,19,19,810,0.100000,0.100000,0.100000,0.100000,0.100000,0.100000,3500,0,0
114,514,114,852,858,114,514,114,514,0,17,19,19,810,1,0,-2,1,-5,-6,19,19,810,0.100000,0.100000,0.100000,0.100000,0.100000,0.100000,3500,0,0
114,514,114,853,851,114,514,114,514,0,39,19,19,810,0,0,-1,-11,5,15,19,19,810,0.100000,0.100000,0.100000,0.100000,0.100000,0.100000,3500,0,0
114,514,114,762,896,114,514,114,514,0,29,19,19,810,0,0,0,-44,9,66,19,19,810,0.100000,0.100000,0.100000,0.100000,0.100000,0.100000,3500,0,0
114,514,114,752,865,114,514,114,514,0,10,19,19,810,0,0,-1,-23,-5,64,19,19,810,0.100000,0.100000,0.100000,0.100000,0.100000,0.100000,3500,0,0
114,514,114,706,890,114,514,114,514,0,-40,19,19,810,0,0,-1,-26,11,29,19,19,810,0.100000,0.100000,0.100000,0.100000,0.100000,0.100000,3500,0,0
114,514,114,818,879,114,514,114,514,0,215,19,19,810,0,0,-1,8,-6,-40,19,19,810,0.100000,0.100000,0.100000,0.100000,0.100000,0.100000,3500,0,0
114,514,114,865,792,114,514,114,514,0,215,19,19,810,0,0,-2,30,-21,-45,19,19,810,0.100000,0.100000,0.100000,0.100000,0.100000,0.100000,3500,0,0
114,514,114,824,845,114,514,114,514,0,215,19,19,810,1,0,-2,-29,0,61,19,19,810,0.100000,0.100000,0.100000,0.100000,0.100000,0.100000,3500,0,0
114,514,114,741,878,114,514,114,514,0,215,19,19,810,0,0,-1,-43,-3,101,19,19,810,0.100000,0.100000,0.100000,0.100000,0.100000,0.100000,3500,0,0
114,514,114,770,877,114,514,114,514,0,215,19,19,810,0,3,-1,-46,39,67,19,19,810,0.100000,0.100000,0.100000,0.100000,0.100000,0.100000,3500,0,0
114,514,114,617,474,114,514,114,514,0,31,19,19,810,2,0,-2,81,73,-193,19,19,810,0.100000,0.100000,0.100000,0.100000,0.100000,0.100000,3500,0,0
114,514,114,681,785,114,514,114,514,0,-40,19,19,810,1,0,-2,17,-25,-3,19,19,810,0.100000,0.100000,0.100000,0.100000,0.100000,0.100000,3500,0,0
114,514,114,871,888,114,514,114,514,0,-27,19,19,810,1,0,-1,61,9,0,19,19,810,0.100000,0.100000,0.100000,0.100000,0.100000,0.100000,3500,0,0
114,514,114,865,880,114,514,114,514,0,-34,19,19,810,1,0,-1,50,0,-52,19,19,810,0.100000,0.100000,0.100000,0.100000,0.100000,0.100000,3500,0,0
114,514,114,868,884,114,514,114,514,0,-17,19,19,810,1,0,-1,-9,70,-54,19,19,810,0.100000,0.100000,0.100000,0.100000,0.100000,0.100000,3500,0,0
114,514,114,874,891,114,514,114,514,0,215,19,19,810,1,0,-1,54,-32,-24,19,19,810,0.100000,0.100000,0.100000,0.100000,0.100000,0.100000,3500,0,0
114,514,114,867,884,114,514,114,514,0,11,19,19,810,1,0,-1,52,9,-57,19,19,810,0.100000,0.100000,0.100000,0.100000,0.100000,0.100000,3500,0,0
114,514,114,869,883,114,514,114,514,0,-19,19,19,810,1,0,-2,5,27,-40,19,19,810,0.100000,0.100000,0.100000,0.100000,0.100000,0.100000,3500,0,0
114,514,114,868,886,114,514,114,514,0,-12,19,19,810,1,0,-2,77,13,13,19,19,810,0.100000,0.100000,0.100000,0.100000,0.100000,0.100000,3500,0,0
114,514,114,870,885,114,514,114,514,0,17,19,19,810,1,0,-1,0,-32,14,19,19,810,0.100000,0.100000,0.100000,0.100000,0.100000,0.100000,3500,0,0
114,514,114,868,884,114,514,114,514,0,26,19,19,810,1,0,-1,-14,7,-8,19,19,810,0.100000,0.100000,0.100000,0.100000,0.100000,0.100000,3500,0,0
114,514,114,0,0,114,514,114,514,0,0,19,19,810,0,0,-2,-26,-4,17,19,19,810,0.100000,0.100000,0.100000,0.100000,0.100000,0.100000,3500,0,0
114,514,114,0,0,114,514,114,514,0,0,19,19,810,1,0,-2,-15,35,28,19,19,810,0.100000,0.100000,0.100000,0.100000,0.100000,0.100000,3500,0,0
114,514,114,0,0,114,514,114,514,0,0,19,19,810,1,0,-2,18,-8,4,19,19,810,0.100000,0.100000,0.100000,0.100000,0.100000,0.100000,3500,0,0
114,514,114,0,0,114,514,114,514,0,0,19,19,810,0,0,-1,9,-3,-4,19,19,810,0.100000,0.100000,0.100000,0.100000,0.100000,0.100000,3500,0,0
114,514,114,0,0,114,514,114,514,0,0,19,19,810,1,0,-1,0,0,5,19,19,810,0.100000,0.100000,0.100000,0.100000,0.100000,0.100000,3500,0,0
114,514,114,0,0,114,514,114,514,0,0,19,19,810,1,0,-1,45,9,-14,19,19,810,0.100000,0.100000,0.100000,0.100000,0.100000,0.100000,3500,0,0
114,514,114,0,0,114,514,114,514,0,0,19,19,810,1,0,-2,12,-24,-50,19,19,810,0.100000,0.100000,0.100000,0.100000,0.100000,0.100000,3500,0,0
114,514,114,0,-2,114,514,114,514,0,0,19,19,810,0,0,-1,48,52,9,19,19,810,0.100000,0.100000,0.100000,0.100000,0.100000,0.100000,3500,0,0
114,514,114,0,1,114,514,114,514,0,0,19,19,810,0,0,-1,71,20,-43,19,19,810,0.100000,0.100000,0.100000,0.100000,0.100000,0.100000,3500,0,0
114,514,114,0,1,114,514,114,514,0,0,19,19,810,1,0,-1,34,16,-28,19,19,810,0.100000,0.100000,0.100000,0.100000,0.100000,0.100000,3500,0,0
114,514,114,0,0,114,514,114,514,0,0,19,19,810,1,0,-1,27,-34,-4,19,19,810,0.100000,0.100000,0.100000,0.100000,0.100000,0.100000,3500,0,0
114,514,114,0,1,114,514,114,514,0,0,19,19,810,1,0,-1,12,9,-14,19,19,810,0.100000,0.100000,0.100000,0.100000,0.100000,0.100000,3500,0,0
114,514,114,6,-1,114,514,114,514,0,0,19,19,810,0,0,-1,-14,-1,-12,19,19,810,0.100000,0.100000,0.100000,0.100000,0.100000,0.100000,3500,0,0
114,514,114,29,4,114,514,114,514,0,0,19,19,810,1,0,-1,-1,0,0,19,19,810,0.100000,0.100000,0.100000,0.100000,0.100000,0.100000,3500,0,0
114,514,114,0,0,114,514,114,514,0,0,19,19,810,1,0,-1,-1,0,0,19,19,810,0.100000,0.100000,0.100000,0.100000,0.100000,0.100000,3500,0,0
114,514,114,0,0,114,514,114,514,0,0,19,19,810,1,0,-1,-1,0,0,19,19,810,0.100000,0.100000,0.100000,0.100000,0.100000,0.100000,3500,0,0
114,514,114,0,0,114,514,114,514,0,0,19,19,810,1,0,-1,-1,0,0,19,19,810,0.100000,0.100000,0.100000,0.100000,0.100000,0.100000,3500,0,0
114,514,114,0,0,114,514,114,514,0,0,19,19,810,1,0,-1,-1,0,0,19,19,810,0.100000,0.100000,0.100000,0.100000,0.100000,0.100000,3500,0,0
114,514,114,0,0,114,514,114,514,0,0,19,19,810,1,0,-1,-1,0,0,19,19,810,0.100000,0.100000,0.100000,0.100000,0.100000,0.100000,3500,0,0
114,514,114,0,0,114,514,114,514,0,0,19,19,810,1,0,-1,-1,0,0,19,19,810,0.100000,0.100000,0.100000,0.100000,0.100000,0.100000,3500,0,0
114,514,114,0,0,114,514,114,514,0,0,19,19,810,1,0,-1,-1,0,0,19,19,810,0.100000,0.100000,0.100000,0.100000,0.100000,0.100000,3500,0,0
114,514,114,0,0,114,514,114,514,0,0,19,19,810,1,0,-1,-1,0,0,19,19,810,0.100000,0.100000,0.100000,0.100000,0.100000,0.100000,3500,0,0
114,514,114,0,0,114,514,114,514,0,0,19,19,810,1,0,-1,-1,0,0,19,19,810,0.100000,0.100000,0.100000,0.100000,0.100000,0.100000,3500,0,0
114,514,114,0,0,114,514,114,514,0,0,19,19,810,1,0,-1,-1,0,0,19,19,810,0.100000,0.100000,0.100000,0.100000,0.100000,0.100000,3500,0,0
114,514,114,0,0,114,514,114,514,0,0,19,19,810,1,0,-1,-1,0,0,19,19,810,0.100000,0.100000,0.100000,0.100000,0.100000,0.100000,3500,0,0
114,514,114,0,0,114,514,114,514,0,0,19,19,810,1,0,-1,-1,0,0,19,19,810,0.100000,0.100000,0.100000,0.100000,0.100000,0.100000,3500,0,0
114,514,114,0,0,114,514,114,514,0,0,19,19,810,1,0,-1,-1,0,0,19,19,810,0.100000,0.100000,0.100000,0.100000,0.100000,0.100000,3500,0,0
114,514,114,0,0,114,514,114,514,0,0,19,19,810,1,0,-1,-1,0,0,19,19,810,0.100000,0.100000,0.100000,0.100000,0.100000,0.100000,3500,0,0
114,514,114,0,0,114,514,114,514,0,0,19,19,810,1,0,-1,-1,0,0,19,19,810,0.100000,0.100000,0.100000,0.100000,0.100000,0.100000,3500,0,0
114,514,114,0,0,114,514,114,514,0,0,19,19,810,1,0,-1,-1,0,0,19,19,810,0.100000,0.100000,0.100000,0.100000,0.100000,0.100000,3500,0,0
114,514,114,0,0,114,514,114,514,0,0,19,19,810,1,0,-1,-1,0,0,19,19,810,0.100000,0.100000,0.100000,0.100000,0.100000,0.100000,3500,0,0
114,514,114,0,0,114,514,114,514,0,0,19,19,810,1,0,-1,-1,0,0,19,19,810,0.100000,0.100000,0.100000,0.100000,0.100000,0.100000,3500,0,0
114,514,114,0,0,114,514,114,514,0,0,19,19,810,1,0,-1,-1,0,0,19,19,810,0.100000,0.100000,0.100000,0.100000,0.100000,0.100000,3500,0,0
114,514,114,0,0,114,514,114,514,0,0,19,19,810,1,0,-1,-1,0,0,19,19,810,0.100000,0.100000,0.100000,0.100000,0.100000,0.100000,3500,0,0
114,514,114,0,0,114,514,114,514,0,0,19,19,810,1,0,-1,-1,0,0,19,19,810,0.100000,0.100000,0.100000,0.100000,0.100000,0.100000,3500,0,0
114,514,114,0,0,114,514,114,514,0,0,19,19,810,1,0,-1,-1,0,0,19,19,810,0.100000,0.100000,0.100000,0.100000,0.100000,0.100000,3500,0,0
114,514,114,0,0,114,514,114,514,0,0,19,19,810,1,0,-1,-1,0,0,19,19,810,0.100000,0.100000,0.100000,0.100000,0.100000,0.100000,3500,0,0
114,514,114,0,0,114,514,114,514,0,0,19,19,810,1,0,-1,-1,0,0,19,19,810,0.100000,0.100000,0.100000,0.100000,0.100000,0.100000,3500,0,0
114,514,114,0,0,114,514,114,514,0,0,19,19,810,1,0,-1,-1,0,0,19,19,810,0.100000,0.100000,0.100000,0.100000,0.100000,0.100000,3500,0,0
114,514,114,0,0,114,514,114,514,0,0,19,19,810,1,0,-1,-2,0,0,19,19,810,0.100000,0.100000,0.100000,0.100000,0.100000,0.100000,3500,0,0
114,514,114,0,0,114,514,114,514,0,0,19,19,810,1,0,-1,-1,0,0,19,19,810,0.100000,0.100000,0.100000,0.100000,0.100000,0.100000,3500,0,0
114,514,114,0,0,114,514,114,514,0,0,19,19,810,1,0,-1,-1,0,0,19,19,810,0.100000,0.100000,0.100000,0.100000,0.100000,0.100000,3500,0,0
114,514,114,0,0,114,514,114,514,0,0,19,19,810,1,0,-1,-1,0,0,19,19,810,0.100000,0.100000,0.100000,0.100000,0.100000,0.100000,3500,0,0
114,514,114,0,0,114,514,114,514,0,0,19,19,810,1,0,-1,-1,0,0,19,19,810,0.100000,0.100000,0.100000,0.100000,0.100000,0.100000,3500,0,0
114,514,114,0,0,114,514,114,514,0,0,19,19,810,1,0,-1,-1,0,0,19,19,810,0.100000,0.100000,0.100000,0.100000,0.100000,0.100000,3500,0,0
114,514,114,0,0,114,514,114,514,0,0,19,19,810,1,0,-1,-1,0,0,19,19,810,0.100000,0.100000,0.100000,0.100000,0.100000,0.100000,3500,0,0
114,514,114,0,0,114,514,114,514,0,0,19,19,810,1,0,-1,-1,0,0,19,19,810,0.100000,0.100000,0.100000,0.100000,0.100000,0.100000,3500,0,0
114,514,114,0,0,114,514,114,514,0,0,19,19,810,1,0,-1,-1,0,0,19,19,810,0.100000,0.100000,0.100000,0.100000,0.100000,0.100000,3500,0,0
114,514,114,0,0,114,514,114,514,0,0,19,19,810,1,0,-1,-1,0,0,19,19,810,0.100000,0.100000,0.100000,0.100000,0.100000,0.100000,3500,0,0
114,514,114,0,0,114,514,114,514,0,0,19,19,810,1,0,-1,0,0,0,19,19,810,0.100000,0.100000,0.100000,0.100000,0.100000,0.100000,3500,0,0
114,514,114,0,0,114,514,114,514,0,0,19,19,810,1,0,-1,0,-1,0,19,19,810,0.100000,0.100000,0.100000,0.100000,0.100000,0.100000,3500,0,0
114,514,114,0,0,114,514,114,514,0,0,19,19,810,1,0,-1,-1,0,0,19,19,810,0.100000,0.100000,0.100000,0.100000,0.100000,0.100000,3500,0,0
114,514,114,0,0,114,514,114,514,0,0,19,19,810,1,0,-1,-1,0,0,19,19,810,0.100000,0.100000,0.100000,0.100000,0.100000,0.100000,3500,0,0
114,514,114,0,0,114,514,114,514,0,0,19,19,810,1,0,-1,-1,0,0,19,19,810,0.100000,0.100000,0.100000,0.100000,0.100000,0.100000,3500,0,0
114,514,114,0,0,114,514,114,514,0,0,19,19,810,1,0,-1,-1,0,0,19,19,810,0.100000,0.100000,0.100000,0.100000,0.100000,0.100000,3500,0,0
114,514,114,0,0,114,514,114,514,0,0,19,19,810,1,0,-1,-1,0,0,19,19,810,0.100000,0.100000,0.100000,0.100000,0.100000,0.100000,3500,0,0
114,514,114,0,0,114,514,114,514,0,0,19,19,810,1,0,-1,-1,0,0,19,19,810,0.100000,0.100000,0.100000,0.100000,0.100000,0.100000,3500,0,0
