114,514,114,0,0,114,514,114,514,0,24,19,19,810,0,0,-1,-1,0,0,19,19,810,0.100000,0.100000,0.100000,0.100000,0.100000,0.100000,3500,0,0
114,514,114,0,0,114,514,114,514,0,24,19,19,810,0,0,-1,-1,0,0,19,19,810,0.100000,0.100000,0.100000,0.100000,0.100000,0.100000,3500,0,0
114,514,114,0,0,114,514,114,514,0,24,19,19,810,0,0,-1,-1,-2,0,19,19,810,0.100000,0.100000,0.100000,0.100000,0.100000,0.100000,3500,0,0
114,514,114,0,0,114,514,114,514,0,24,19,19,810,0,0,-1,-1,-1,0,19,19,810,0.100000,0.100000,0.100000,0.100000,0.100000,0.100000,3500,0,0
114,514,114,0,0,114,514,114,514,0,24,19,19,810,1,0,-1,5,11,-42,19,19,810,0.100000,0.100000,0.100000,0.100000,0.100000,0.100000,3500,0,0
114,514,114,0,0,114,514,114,514,0,24,19,19,810,1,0,-1,22,18,-11,19,19,810,0.100000,0.100000,0.100000,0.100000,0.100000,0.100000,3500,0,0
114,514,114,0,0,114,514,114,514,0,24,19,19,810,0,0,-1,21,-25,-62,19,19,810,0.100000,0.100000,0.100000,0.100000,0.100000,0.100000,3500,0,0
114,514,114,58,0,114,514,114,514,0,24,19,19,810,0,0,-1,-52,14,28,19,19,810,0.100000,0.100000,0.100000,0.100000,0.100000,0.100000,3500,0,0
114,514,114,0,0,114,514,114,514,0,24,19,19,810,1,0,-1,-7,-33,141,19,19,810,0.100000,0.100000,0.100000,0.100000,0.100000,0.100000,3500,0,0
114,514,114,0,0,114,514,114,514,0,24,19,19,810,1,0,-1,-16,8,24,19,19,810,0.100000,0.100000,0.100000,0.100000,0.100000,0.100000,3500,0,0
114,514,114,0,0,114,514,114,514,0,24,19,19,810,1,0,-1,66,0,-155,19,19,810,0.100000,0.100000,0.100000,0.100000,0.100000,0.100000,3500,0,0
114,514,114,0,0,114,514,114,514,0,24,19,19,810,0,0,-2,36,-2,-65,19,19,810,0.100000,0.100000,0.100000,0.100000,0.100000,0.100000,3500,0,0
114,514,114,0,0,114,514,114,514,0,24,19,19,810,0,0,-2,-53,5,87,19,19,810,0.100000,0.100000,0.100000,0.100000,0.100000,0.100000,3500,0,0
114,514,114,0,1,114,514,114,514,0,24,19,19,810,1,0,-1,-44,6,75,19,19,810,0.100000,0.100000,0.100000,0.100000,0.100000,0.100000,3500,0,0
114,514,114,0,0,114,514,114,514,0,24,19,19,810,0,0,-2,-25,7,-1,19,19,810,0.100000,0.100000,0.100000,0.100000,0.100000,0.100000,3500,0,0
114,514,114,0,0,114,514,114,514,0,24,19,19,810,0,0,-2,12,6,0,19,19,810,0.100000,0.100000,0.100000,0.100000,0.100000,0.100000,3500,0,0
114,514,114,0,-1,114,514,114,514,0,24,19,19,810,0,0,-1,10,34,47,19,19,810,0.100000,0.100000,0.100000,0.100000,0.100000,0.100000,3500,0,0
114,514,114,0,0,114,514,114,514,0,24,19,19,810,1,0,-1,-41,2,43,19,19,810,0.100000,0.100000,0.100000,0.100000,0.100000,0.100000,3500,0,0
114,514,114,0,0,114,514,114,514,0,24,19,19,810,0,0,-2,-20,2,36,19,19,810,0.100000,0.100000,0.100000,0.100000,0.100000,0.100000,3500,0,0
114,514,114,0,0,114,514,114,514,0,24,19,19,810,0,0,-1,-24,22,24,19,19,810,0.100000,0.100000,0.100000,0.100000,0.100000,0.100000,3500,0,0
114,514,114,0,0,114,514,114,514,0,-40,19,19,810,0,0,-2,3,9,15,19,19,810,0.100000,0.100000,0.100000,0.100000,0.100000,0.100000,3500,0,0
114,514,114,0,0,114,514,114,514,0,-20,19,19,810,0,0,-1,19,-5,6,19,19,810,0.100000,0.100000,0.100000,0.100000,0.100000,0.100000,3500,0,0
114,514,114,0,0,114,514,114,514,0,-26,19,19,810,1,0,-1,8,4,-13,19,19,810,0.100000,0.100000,0.100000,0.100000,0.100000,0.100000,3500,0,0
114,514,114,0,0,114,514,114,514,0,6,19,19,810,0,0,-1,-23,-6,-19,19,19,810,0.100000,0.100000,0.100000,0.100000,0.100000,0.100000,3500,0,0
114,514,114,0,0,114,514,114,514,0,-4,19,19,810,0,0,-2,-14,21,-26,19,19,810,0.100000,0.100000,0.100000,0.100000,0.100000,0.100000,3500,0,0
114,514,114,0,0,114,514,114,514,0,-11,19,19,810,1,0,-2,-8,-4,9,19,19,810,0.100000,0.100000,0.100000,0.100000,0.100000,0.100000,3500,0,0
114,514,114,0,0,114,514,114,514,0,-5,19,19,810,0,0,-2,8,-5,-8,19,19,810,0.100000,0.100000,0.100000,0.100000,0.100000,0.100000,3500,0,0
114,514,114,0,0,114,514,114,514,0,-3,19,19,810,0,0,-1,-6,-21,10,19,19,810,0.100000,0.100000,0.100000,0.100000,0.100000,0.100000,3500,0,0
114,514,114,0,0,114,514,114,514,0,-3,19,19,810,0,0,-1,-18,12,9,19,19,810,0.100000,0.100000,0.100000,0.100000,0.100000,0.100000,3500,0,0
114,514,114,0,0,114,514,114,514,0,-1,19,19,810,1,0,-1,-4,-3,3,19,19,810,0.100000,0.100000,0.100000,0.100000,0.100000,0.100000,3500,0,0
114,514,114,1,1,114,514,114,514,0,0,19,19,810,0,0,-1,-2,0,0,19,19,810,0.100000,0.100000,0.100000,0.100000,0.100000,0.100000,3500,0,0
114,514,114,0,0,114,514,114,514,0,-1,19,19,810,0,0,-1,-1,0,0,19,19,810,0.100000,0.100000,0.100000,0.100000,0.100000,0.100000,3500,0,0
114,514,114,0,0,114,514,114,514,0,-1,19,19,810,0,0,-1,-2,0,0,19,19,810,0.100000,0.100000,0.100000,0.100000,0.100000,0.100000,3500,0,0
114,514,114,0,0,114,514,114,514,0,-1,19,19,810,0,0,-1,-1,0,0,19,19,810,0.100000,0.100000,0.100000,0.100000,0.100000,0.100000,3500,0,0
114,514,114,0,0,114,514,114,514,0,-1,19,19,810,0,0,-1,-1,0,0,19,19,810,0.100000,0.100000,0.100000,0.100000,0.100000,0.100000,3500,0,0
114,514,114,0,0,114,514,114,514,0,-1,19,19,810,0,0,-1,-1,0,0,19,19,810,0.100000,0.100000,0.100000,0.100000,0.100000,0.100000,3500,0,0
114,514,114,0,0,114,514,114,514,0,0,19,19,810,0,0,-1,-1,0,0,19,19,810,0.100000,0.100000,0.100000,0.100000,0.100000,0.100000,3500,0,0
114,514,114,55,53,114,514,114,514,0,-2,19,19,810,0,0,-2,5,-12,7,19,19,810,0.100000,0.100000,0.100000,0.100000,0.100000,0.100000,3500,0,0
114,514,114,239,243,114,514,114,514,0,-3,19,19,810,0,0,-2,-1,-1,-1,19,19,810,0.100000,0.100000,0.100000,0.100000,0.100000,0.100000,3500,0,0
114,514,114,252,258,114,514,114,514,0,-3,19,19,810,0,0,-1,0,-4,-1,19,19,810,0.100000,0.100000,0.100000,0.100000,0.100000,0.100000,3500,0,0
114,514,114,253,252,114,514,114,514,0,-4,19,19,810,0,0,-2,1,-2,2,19,19,810,0.100000,0.100000,0.100000,0.100000,0.100000,0.100000,3500,0,0
114,514,114,251,252,114,514,114,514,0,-5,19,19,810,0,0,-2,0,2,0,19,19,810,0.100000,0.100000,0.100000,0.100000,0.100000,0.100000,3500,0,0
114,514,114,248,249,114,514,114,514,0,-6,19,19,810,1,0,-2,-11,11,-6,19,19,810,0.100000,0.100000,0.100000,0.100000,0.100000,0.100000,3500,0,0
114,514,114,255,253,114,514,114,514,0,-5,19,19,810,0,0,-2,2,-6,0,19,19,810,0.100000,0.100000,0.100000,0.100000,0.100000,0.100000,3500,0,0
114,514,114,251,251,114,514,114,514,0,-4,19,19,810,0,0,-1,1,-4,2,19,19,810,0.100000,0.100000,0.100000,0.100000,0.100000,0.100000,3500,0,0
114,514,114,250,251,114,514,114,514,0,4,19,19,810,0,0,-1,-1,-3,-2,19,19,810,0.100000,0.100000,0.100000,0.100000,0.100000,0.100000,3500,0,0
114,514,114,252,251,114,514,114,514,0,10,19,19,810,1,0,-2,-1,-5,2,19,19,810,0.100000,0.100000,0.100000,0.100000,0.100000,0.100000,3500,0,0
114,514,114,252,253,114,514,114,514,0,16,19,19,810,0,0,-1,2,-7,4,19,19,810,0.100000,0.100000,0.100000,0.100000,0.100000,0.100000,3500,0,0
114,514,114,249,264,114,514,114,514,0,24,19,19,810,1,0,-2,-9,8,2,19,19,810,0.100000,0.100000,0.100000,0.100000,0.100000,0.100000,3500,0,0
114,514,114,250,269,114,514,114,514,0,29,19,19,810,1,0,-2,-8,1,11,19,19,810,0.100000,0.100000,0.100000,0.100000,0.100000,0.100000,3500,0,0
114,514,114,228,264,114,514,114,514,0,33,19,19,810,0,0,-1,-5,0,8,19,19,810,0.100000,0.100000,0.100000,0.100000,0.100000,0.100000,3500,0,0
114,514,114,226,271,114,514,114,514,0,36,19,19,810,0,0,-1,-15,10,7,19,19,810,0.100000,0.100000,0.100000,0.100000,0.100000,0.100000,3500,0,0
114,514,114,216,263,114,514,114,514,0,37,19,19,810,0,0,-2,-5,1,12,19,19,810,0.100000,0.100000,0.100000,0.100000,0.100000,0.100000,3500,0,0
114,514,114,214,266,114,514,114,514,0,39,19,19,810,0,0,-1,-15,7,9,19,19,810,0.100000,0.100000,0.100000,0.100000,0.100000,0.100000,3500,0,0
114,514,114,209,268,114,514,114,514,0,39,19,19,810,0,0,-1,-4,-4,13,19,19,810,0.100000,0.100000,0.100000,0.100000,0.100000,0.100000,3500,0,0
114,514,114,212,268,114,514,114,514,0,39,19,19,810,1,0,-1,-8,3,14,19,19,810,0.100000,0.100000,0.100000,0.100000,0.100000,0.100000,3500,0,0
114,514,114,209,267,114,514,114,514,0,39,19,19,810,1,0,-2,-18,9,8,19,19,810,0.100000,0.100000,0.100000,0.100000,0.100000,0.100000,3500,0,0
114,514,114,204,260,114,514,114,514,0,38,19,19,810,1,0,-2,-5,1,13,19,19,810,0.100000,0.100000,0.100000,0.100000,0.100000,0.100000,3500,0,0
114,514,114,204,256,114,514,114,514,0,215,19,19,810,1,0,-1,-2,-6,16,19,19,810,0.100000,0.100000,0.100000,0.100000,0.100000,0.100000,3500,0,0
114,514,114,210,271,114,514,114,514,0,38,19,19,810,1,0,-2,-11,0,19,19,19,810,0.100000,0.100000,0.100000,0.100000,0.100000,0.100000,3500,0,0
114,514,114,173,249,114,514,114,514,0,39,19,19,810,0,0,-1,-7,-5,18,19,19,810,0.100000,0.100000,0.100000,0.100000,0.100000,0.100000,3500,0,0
114,514,114,229,229,114,514,114,514,0,215,19,19,810,0,0,-1,2,-1,-9,19,19,810,0.100000,0.100000,0.100000,0.100000,0.100000,0.100000,3500,0,0
114,514,114,228,247,114,514,114,514,0,215,19,19,810,0,0,-3,-13,2,17,19,19,810,0.100000,0.100000,0.100000,0.100000,0.100000,0.100000,3500,0,0
114,514,114,201,253,114,514,114,514,0,215,19,19,810,0,0,-1,-10,0,19,19,19,810,0.100000,0.100000,0.100000,0.100000,0.100000,0.100000,3500,0,0
114,514,114,185,253,114,514,114,514,0,215,19,19,810,1,0,-2,-13,12,16,19,19,810,0.100000,0.100000,0.100000,0.100000,0.100000,0.100000,3500,0,0
114,514,114,169,254,114,514,114,514,0,38,19,19,810,0,0,-2,-17,8,15,19,19,810,0.100000,0.100000,0.100000,0.100000,0.100000,0.100000,3500,0,0
114,514,114,170,252,114,514,114,514,0,30,19,19,810,1,0,-2,-10,10,16,19,19,810,0.100000,0.100000,0.100000,0.100000,0.100000,0.100000,3500,0,0
114,514,114,241,227,114,514,114,514,0,36,19,19,810,0,0,-1,3,4,-21,19,19,810,0.100000,0.100000,0.100000,0.100000,0.100000,0.100000,3500,0,0
114,514,114,233,240,114,514,114,514,0,33,19,19,810,1,0,-1,-6,1,13,19,19,810,0.100000,0.100000,0.100000,0.100000,0.100000,0.100000,3500,0,0
114,514,114,208,268,114,514,114,514,0,28,19,19,810,0,0,-1,-8,2,10,19,19,810,0.100000,0.100000,0.100000,0.100000,0.100000,0.100000,3500,0,0
114,514,114,210,262,114,514,114,514,0,17,19,19,810,0,0,-1,-10,0,9,19,19,810,0.100000,0.100000,0.100000,0.100000,0.100000,0.100000,3500,0,0
114,514,114,220,268,114,514,114,514,0,11,19,19,810,0,0,-1,1,-8,4,19,19,810,0.100000,0.100000,0.100000,0.100000,0.100000,0.100000,3500,0,0
114,514,114,234,250,114,514,114,514,0,6,19,19,810,0,0,-2,-4,-1,0,19,19,810,0.100000,0.100000,0.100000,0.100000,0.100000,0.100000,3500,0,0
114,514,114,238,252,114,514,114,514,0,1,19,19,810,0,0,-1,-6,0,0,19,19,810,0.100000,0.100000,0.100000,0.100000,0.100000,0.100000,3500,0,0
114,514,114,242,249,114,514,114,514,0,-1,19,19,810,0,0,-1,-6,4,-1,19,19,810,0.100000,0.100000,0.100000,0.100000,0.100000,0.100000,3500,0,0
114,514,114,250,251,114,514,114,514,0,-3,19,19,810,0,0,-2,-1,2,-1,19,19,810,0.100000,0.100000,0.100000,0.100000,0.100000,0.100000,3500,0,0
114,514,114,251,251,114,514,114,514,0,-2,19,19,810,0,0,-1,0,-2,-2,19,19,810,0.100000,0.100000,0.100000,0.100000,0.100000,0.100000,3500,0,0
114,514,114,252,253,114,514,114,514,0,0,19,19,810,1,0,-1,0,-3,1,19,19,810,0.100000,0.100000,0.100000,0.100000,0.100000,0.100000,3500,0,0
114,514,114,250,249,114,514,114,514,0,7,19,19,810,0,0,-2,0,1,0,19,19,810,0.100000,0.100000,0.100000,0.100000,0.100000,0.100000,3500,0,0
114,514,114,250,249,114,514,114,514,0,13,19,19,810,0,0,-1,0,-6,2,19,19,810,0.100000,0.100000,0.100000,0.100000,0.100000,0.100000,3500,0,0
114,514,114,251,253,114,514,114,514,0,19,19,19,810,0,0,-2,-10,8,0,19,19,810,0.100000,0.100000,0.100000,0.100000,0.100000,0.100000,3500,0,0
114,514,114,238,252,114,514,114,514,0,26,19,19,810,1,0,-1,0,-12,8,19,19,810,0.100000,0.100000,0.100000,0.100000,0.100000,0.100000,3500,0,0
114,514,114,222,251,114,514,114,514,0,30,19,19,810,1,0,-1,-2,-9,8,19,19,810,0.100000,0.100000,0.100000,0.100000,0.100000,0.100000,3500,0,0
114,514,114,218,252,114,514,114,514,0,30,19,19,810,0,0,-1,-13,8,5,19,19,810,0.100000,0.100000,0.100000,0.100000,0.100000,0.100000,3500,0,0
114,514,114,212,251,114,514,114,514,0,35,19,19,810,0,0,-1,-3,-5,9,19,19,810,0.100000,0.100000,0.100000,0.100000,0.100000,0.100000,3500,0,0
114,514,114,208,251,114,514,114,514,0,36,19,19,810,0,0,-1,-4,0,13,19,19,810,0.100000,0.100000,0.100000,0.100000,0.100000,0.100000,3500,0,0
114,514,114,204,253,114,514,114,514,0,36,19,19,810,0,0,-1,-12,8,7,19,19,810,0.100000,0.100000,0.100000,0.100000,0.100000,0.100000,3500,0,0
114,514,114,210,262,114,514,114,514,0,38,19,19,810,1,0,-2,-11,14,9,19,19,810,0.100000,0.100000,0.100000,0.100000,0.100000,0.100000,3500,0,0
114,514,114,213,266,114,514,114,514,0,38,19,19,810,0,0,-2,-9,8,9,19,19,810,0.100000,0.100000,0.100000,0.100000,0.100000,0.100000,3500,0,0
114,514,114,204,252,114,514,114,514,0,39,19,19,810,0,0,-1,-14,12,6,19,19,810,0.100000,0.100000,0.100000,0.100000,0.100000,0.100000,3500,0,0
114,514,114,206,257,114,514,114,514,0,39,19,19,810,0,0,-2,-10,9,9,19,19,810,0.100000,0.100000,0.100000,0.100000,0.100000,0.100000,3500,0,0
114,514,114,209,264,114,514,114,514,0,39,19,19,810,0,0,-1,0,-9,19,19,19,810,0.100000,0.100000,0.100000,0.100000,0.100000,0.100000,3500,0,0
114,514,114,208,252,114,514,114,514,0,39,19,19,810,1,0,-1,-7,1,15,19,19,810,0.100000,0.100000,0.100000,0.100000,0.100000,0.100000,3500,0,0
114,514,114,209,263,114,514,114,514,0,39,19,19,810,0,0,-1,2,-16,15,19,19,810,0.100000,0.100000,0.100000,0.100000,0.100000,0.100000,3500,0,0
114,514,114,211,262,114,514,114,514,0,39,19,19,810,0,0,-1,-13,5,11,19,19,810,0.100000,0.100000,0.100000,0.100000,0.100000,0.100000,3500,0,0
114,514,114,208,253,114,514,114,514,0,39,19,19,810,1,0,-1,-7,4,10,19,19,810,0.100000,0.100000,0.100000,0.100000,0.100000,0.100000,3500,0,0
114,514,114,208,256,114,514,114,514,0,215,19,19,810,1,0,-1,-8,9,10,19,19,810,0.100000,0.100000,0.100000,0.100000,0.100000,0.100000,3500,0,0
114,514,114,211,259,114,514,114,514,0,38,19,19,810,1,0,-2,-16,7,15,19,19,810,0.100000,0.100000,0.100000,0.100000,0.100000,0.100000,3500,0,0
114,514,114,195,253,114,514,114,514,0,38,19,19,810,0,0,-3,-10,3,20,19,19,810,0.100000,0.100000,0.100000,0.100000,0.100000,0.100000,3500,0,0
114,514,114,228,234,114,514,114,514,0,215,19,19,810,0,0,-2,4,8,-20,19,19,810,0.100000,0.100000,0.100000,0.100000,0.100000,0.100000,3500,0,0
114,514,114,218,241,114,514,114,514,0,215,19,19,810,0,0,0,-9,-1,18,19,19,810,0.100000,0.100000,0.100000,0.100000,0.100000,0.100000,3500,0,0
114,514,114,166,247,114,514,114,514,0,215,19,19,810,1,0,-1,-12,1,19,19,19,810,0.100000,0.100000,0.100000,0.100000,0.100000,0.100000,3500,0,0
114,514,114,169,252,114,514,114,514,0,215,19,19,810,1,0,-2,-13,0,21,19,19,810,0.100000,0.100000,0.100000,0.100000,0.100000,0.100000,3500,0,0
114,514,114,169,253,114,514,114,514,0,215,19,19,810,1,0,-1,-12,8,11,19,19,810,0.100000,0.100000,0.100000,0.100000,0.100000,0.100000,3500,0,0
114,514,114,177,245,114,514,114,514,0,215,19,19,810,1,0,-1,-10,-10,23,19,19,810,0.100000,0.100000,0.100000,0.100000,0.100000,0.100000,3500,0,0
114,514,114,176,256,114,514,114,514,0,39,19,19,810,0,0,-1,-9,3,17,19,19,810,0.100000,0.100000,0.100000,0.100000,0.100000,0.100000,3500,0,0
114,514,114,172,251,114,514,114,514,0,39,19,19,810,0,0,-1,-7,-5,17,19,19,810,0.100000,0.100000,0.100000,0.100000,0.100000,0.100000,3500,0,0
114,514,114,235,228,114,514,114,514,0,215,19,19,810,0,0,-2,13,-15,-10,19,19,810,0.100000,0.100000,0.100000,0.100000,0.100000,0.100000,3500,0,0
114,514,114,227,241,114,514,114,514,0,215,19,19,810,1,0,-1,-10,0,18,19,19,810,0.100000,0.100000,0.100000,0.100000,0.100000,0.100000,3500,0,0
114,514,114,191,253,114,514,114,514,0,37,19,19,810,0,0,-1,-8,-2,16,19,19,810,0.100000,0.100000,0.100000,0.100000,0.100000,0.100000,3500,0,0
114,514,114,202,252,114,514,114,514,0,25,19,19,810,1,0,-2,-20,16,17,19,19,810,0.100000,0.100000,0.100000,0.100000,0.100000,0.100000,3500,0,0
114,514,114,236,245,114,514,114,514,0,31,19,19,810,0,0,-2,5,6,-12,19,19,810,0.100000,0.100000,0.100000,0.100000,0.100000,0.100000,3500,0,0
114,514,114,243,244,114,514,114,514,0,30,19,19,810,0,0,-2,-10,4,7,19,19,810,0.100000,0.100000,0.100000,0.100000,0.100000,0.100000,3500,0,0
114,514,114,218,268,114,514,114,514,0,24,19,19,810,1,0,-2,-11,3,10,19,19,810,0.100000,0.100000,0.100000,0.100000,0.100000,0.100000,3500,0,0
114,514,114,222,270,114,514,114,514,0,15,19,19,810,0,0,-1,-5,0,9,19,19,810,0.100000,0.100000,0.100000,0.100000,0.100000,0.100000,3500,0,0
114,514,114,228,266,114,514,114,514,0,7,19,19,810,0,0,-1,-5,2,5,19,19,810,0.100000,0.100000,0.100000,0.100000,0.100000,0.100000,3500,0,0
114,514,114,235,252,114,514,114,514,0,2,19,19,810,0,0,-2,-7,8,-2,19,19,810,0.100000,0.100000,0.100000,0.100000,0.100000,0.100000,3500,0,0
114,514,114,252,255,114,514,114,514,0,0,19,19,810,1,0,-2,-2,7,2,19,19,810,0.100000,0.100000,0.100000,0.100000,0.100000,0.100000,3500,0,0
114,514,114,251,254,114,514,114,514,0,-1,19,19,810,1,0,-1,-3,8,-1,19,19,810,0.100000,0.100000,0.100000,0.100000,0.100000,0.100000,3500,0,0
114,514,114,251,252,114,514,114,514,0,0,19,19,810,0,0,-2,-9,7,-4,19,19,810,0.100000,0.100000,0.100000,0.100000,0.100000,0.100000,3500,0,0
114,514,114,250,250,114,514,114,514,0,3,19,19,810,1,0,-1,1,-10,2,19,19,810,0.100000,0.100000,0.100000,0.100000,0.100000,0.100000,3500,0,0
114,514,114,252,251,114,514,114,514,0,7,19,19,810,1,0,-1,-5,8,-2,19,19,810,0.100000,0.100000,0.100000,0.100000,0.100000,0.100000,3500,0,0
114,514,114,248,252,114,514,114,514,0,13,19,19,810,0,0,-2,-5,7,0,19,19,810,0.100000,0.100000,0.100000,0.100000,0.100000,0.100000,3500,0,0
114,514,114,244,250,114,514,114,514,0,19,19,19,810,1,0,-1,-3,-6,6,19,19,810,0.100000,0.100000,0.100000,0.100000,0.100000,0.100000,3500,0,0
114,514,114,232,253,114,514,114,514,0,26,19,19,810,0,0,-1,0,-6,5,19,19,810,0.100000,0.100000,0.100000,0.100000,0.100000,0.100000,3500,0,0
114,514,114,221,250,114,514,114,514,0,26,19,19,810,0,0,-2,-3,0,11,19,19,810,0.100000,0.100000,0.100000,0.100000,0.100000,0.100000,3500,0,0
114,514,114,224,266,114,514,114,514,0,31,19,19,810,0,0,-2,-6,-2,8,19,19,810,0.100000,0.100000,0.100000,0.100000,0.100000,0.100000,3500,0,0
114,514,114,225,271,114,514,114,514,0,31,19,19,810,0,0,-1,-3,-4,10,19,19,810,0.100000,0.100000,0.100000,0.100000,0.100000,0.100000,3500,0,0
114,514,114,224,270,114,514,114,514,0,34,19,19,810,0,0,-1,-11,6,9,19,19,810,0.100000,0.100000,0.100000,0.100000,0.100000,0.100000,3500,0,0
114,514,114,213,256,114,514,114,514,0,36,19,19,810,1,0,-1,-8,-1,8,19,19,810,0.100000,0.100000,0.100000,0.100000,0.100000,0.100000,3500,0,0
114,514,114,215,259,114,514,114,514,0,38,19,19,810,1,0,-1,-8,6,11,19,19,810,0.100000,0.100000,0.100000,0.100000,0.100000,0.100000,3500,0,0
114,514,114,215,257,114,514,114,514,0,39,19,19,810,0,0,-1,-12,1,19,19,19,810,0.100000,0.100000,0.100000,0.100000,0.100000,0.100000,3500,0,0
114,514,114,216,257,114,514,114,514,0,39,19,19,810,1,0,-2,-11,5,11,19,19,810,0.100000,0.100000,0.100000,0.100000,0.100000,0.100000,3500,0,0
114,514,114,209,266,114,514,114,514,0,39,19,19,810,0,0,-1,-2,-5,17,19,19,810,0.100000,0.100000,0.100000,0.100000,0.100000,0.100000,3500,0,0
114,514,114,215,266,114,514,114,514,0,39,19,19,810,0,0,-1,-3,-10,15,19,19,810,0.100000,0.100000,0.100000,0.100000,0.100000,0.100000,3500,0,0
114,514,114,213,263,114,514,114,514,0,39,19,19,810,1,0,-2,-11,1,10,19,19,810,0.100000,0.100000,0.100000,0.100000,0.100000,0.100000,3500,0,0
114,514,114,210,266,114,514,114,514,0,39,19,19,810,0,0,-1,-14,6,9,19,19,810,0.100000,0.100000,0.100000,0.100000,0.100000,0.100000,3500,0,0
114,514,114,214,266,114,514,114,514,0,39,19,19,810,1,0,-2,-7,5,14,19,19,810,0.100000,0.100000,0.100000,0.100000,0.100000,0.100000,3500,0,0
114,514,114,213,260,114,514,114,514,0,215,19,19,810,0,0,-1,-2,-9,17,19,19,810,0.100000,0.100000,0.100000,0.100000,0.100000,0.100000,3500,0,0
114,514,114,0,0,114,514,114,514,0,0,19,19,810,0,0,-2,0,8,-1,19,19,810,0.100000,0.100000,0.100000,0.100000,0.100000,0.100000,3500,0,0
114,514,114,0,0,114,514,114,514,0,0,19,19,810,0,0,-2,0,0,0,19,19,810,0.100000,0.100000,0.100000,0.100000,0.100000,0.100000,3500,0,0
114,514,114,0,0,114,514,114,514,0,0,19,19,810,0,0,-2,0,0,-1,19,19,810,0.100000,0.100000,0.100000,0.100000,0.100000,0.100000,3500,0,0
114,514,114,0,0,114,514,114,514,0,0,19,19,810,0,0,-2,0,-1,-2,19,19,810,0.100000,0.100000,0.100000,0.100000,0.100000,0.100000,3500,0,0
114,514,114,0,0,114,514,114,514,0,0,19,19,810,0,0,-1,1,0,-4,19,19,810,0.100000,0.100000,0.100000,0.100000,0.100000,0.100000,3500,0,0
114,514,114,0,0,114,514,114,514,0,0,19,19,810,0,0,-2,0,0,-3,19,19,810,0.100000,0.100000,0.100000,0.100000,0.100000,0.100000,3500,0,0
114,514,114,0,0,114,514,114,514,0,0,19,19,810,0,0,-2,-3,0,1,19,19,810,0.100000,0.100000,0.100000,0.100000,0.100000,0.100000,3500,0,0
114,514,114,0,0,114,514,114,514,0,0,19,19,810,0,0,-1,0,1,0,19,19,810,0.100000,0.100000,0.100000,0.100000,0.100000,0.100000,3500,0,0
114,514,114,0,0,114,514,114,514,0,0,19,19,810,0,0,-2,-1,0,0,19,19,810,0.100000,0.100000,0.100000,0.100000,0.100000,0.100000,3500,0,0
114,514,114,0,0,114,514,114,514,0,0,19,19,810,0,0,-2,-1,0,0,19,19,810,0.100000,0.100000,0.100000,0.100000,0.100000,0.100000,3500,0,0
114,514,114,0,0,114,514,114,514,0,0,19,19,810,0,0,-2,-2,-2,2,19,19,810,0.100000,0.100000,0.100000,0.100000,0.100000,0.100000,3500,0,0
114,514,114,0,0,114,514,114,514,0,0,19,19,810,0,0,-2,-3,13,0,19,19,810,0.100000,0.100000,0.100000,0.100000,0.100000,0.100000,3500,0,0
114,514,114,0,0,114,514,114,514,0,0,19,19,810,0,0,-2,-2,5,0,19,19,810,0.100000,0.100000,0.100000,0.100000,0.100000,0.100000,3500,0,0
114,514,114,0,0,114,514,114,514,0,0,19,19,810,0,0,-2,0,-6,0,19,19,810,0.100000,0.100000,0.100000,0.100000,0.100000,0.100000,3500,0,0
114,514,114,0,0,114,514,114,514,0,0,19,19,810,0,0,-2,-1,0,-1,19,19,810,0.100000,0.100000,0.100000,0.100000,0.100000,0.100000,3500,0,0
114,514,114,0,0,114,514,114,514,0,0,19,19,810,0,0,-2,-2,-2,0,19,19,810,0.100000,0.100000,0.100000,0.100000,0.100000,0.100000,3500,0,0
114,514,114,0,0,114,514,114,514,0,0,19,19,810,0,0,-2,-1,-4,0,19,19,810,0.100000,0.100000,0.100000,0.100000,0.100000,0.100000,3500,0,0
114,514,114,0,0,114,514,114,514,0,0,19,19,810,0,0,-2,-1,-1,0,19,19,810,0.100000,0.100000,0.100000,0.100000,0.100000,0.100000,3500,0,0
114,514,114,0,0,114,514,114,514,0,0,19,19,810,0,0,-2,2,-11,-1,19,19,810,0.100000,0.100000,0.100000,0.100000,0.100000,0.100000,3500,0,0
114,514,114,0,0,114,514,114,514,0,0,19,19,810,0,0,-2,0,-1,0,19,19,810,0.100000,0.100000,0.100000,0.100000,0.100000,0.100000,3500,0,0
114,514,114,0,0,114,514,114,514,0,0,19,19,810,0,0,-2,-1,0,0,19,19,810,0.100000,0.100000,0.100000,0.100000,0.100000,0.100000,3500,0,0
114,514,114,0,0,114,514,114,514,0,0,19,19,810,0,0,-2,-1,-3,1,19,19,810,0.100000,0.100000,0.100000,0.100000,0.100000,0.100000,3500,0,0
114,514,114,0,0,114,514,114,514,0,0,19,19,810,0,0,-2,-1,-1,0,19,19,810,0.100000,0.100000,0.100000,0.100000,0.100000,0.100000,3500,0,0
114,514,114,0,0,114,514,114,514,0,0,19,19,810,0,0,-2,0,-4,-1,19,19,810,0.100000,0.100000,0.100000,0.100000,0.100000,0.100000,3500,0,0
