114,514,114,0,0,114,514,114,514,0,215,1,2,3,0,0,-2,0,0,-1,19,19,810,0.0,0.0,0.0,0.0,0.0,0.0,100,0,0
114,514,114,0,0,114,514,114,514,0,215,1,2,3,0,0,-2,0,0,-3,19,19,810,0.0,0.0,0.0,0.0,0.0,0.0,100,0,0
114,514,114,0,0,114,514,114,514,0,215,1,2,3,0,0,-2,-1,-1,1,19,19,810,0.0,0.0,0.0,0.0,0.0,0.0,100,0,0
114,514,114,0,0,114,514,114,514,0,215,1,2,3,0,0,-2,0,-1,0,19,19,810,0.0,0.0,0.0,0.0,0.0,0.0,100,0,0
114,514,114,0,0,114,514,114,514,0,215,1,2,3,0,0,-2,-1,0,-3,19,19,810,0.0,0.0,0.0,0.0,0.0,0.0,100,0,0
114,514,114,0,0,114,514,114,514,0,215,1,2,3,0,0,-2,-1,-2,0,19,19,810,0.0,0.0,0.0,0.0,0.0,0.0,100,0,0
114,514,114,0,0,114,514,114,514,0,215,1,2,3,0,0,-2,-1,0,0,19,19,810,0.0,0.0,0.0,0.0,0.0,0.0,100,0,0
114,514,114,0,0,114,514,114,514,0,215,1,2,3,0,0,-2,-2,-1,1,19,19,810,0.0,0.0,0.0,0.0,0.0,0.0,100,0,0
114,514,114,0,0,114,514,114,514,0,215,1,2,3,0,0,-2,0,0,0,19,19,810,0.0,0.0,0.0,0.0,0.0,0.0,100,0,0
114,514,114,0,0,114,514,114,514,0,215,1,2,3,0,0,-2,-1,-1,0,19,19,810,0.0,0.0,0.0,0.0,0.0,0.0,100,0,0
114,514,114,0,0,114,514,114,514,0,215,1,2,3,0,0,-2,-1,0,0,19,19,810,0.0,0.0,0.0,0.0,0.0,0.0,100,0,0
114,514,114,0,0,114,514,114,514,0,215,1,2,3,0,0,-2,-1,0,-1,19,19,810,0.0,0.0,0.0,0.0,0.0,0.0,100,0,0
114,514,114,0,0,114,514,114,514,0,215,1,2,3,0,0,-2,-1,-1,0,19,19,810,0.0,0.0,0.0,0.0,0.0,0.0,100,0,0
114,514,114,0,0,114,514,114,514,0,215,1,2,3,0,0,-2,-1,0,0,19,19,810,0.0,0.0,0.0,0.0,0.0,0.0,100,0,0
114,514,114,0,0,114,514,114,514,0,215,1,2,3,0,0,-2,-1,-1,0,19,19,810,0.0,0.0,0.0,0.0,0.0,0.0,100,0,0
114,514,114,0,0,114,514,114,514,0,215,1,2,3,0,0,-2,-1,0,-3,19,19,810,0.0,0.0,0.0,0.0,0.0,0.0,100,0,0
114,514,114,0,0,114,514,114,514,0,215,1,2,3,0,0,-2,-1,0,1,19,19,810,0.0,0.0,0.0,0.0,0.0,0.0,100,0,0
114,514,114,0,0,114,514,114,514,0,215,1,2,3,0,0,-2,-1,0,2,19,19,810,0.0,0.0,0.0,0.0,0.0,0.0,100,0,0
114,514,114,0,0,114,514,114,514,0,215,1,2,3,0,0,-2,-34,-17,-10,19,19,810,0.0,0.0,0.0,0.0,0.0,0.0,100,0,0
114,514,114,0,0,114,514,114,514,0,35,1,2,3,0,0,-2,0,0,-5,19,19,810,0.0,0.0,0.0,0.0,0.0,0.0,100,0,0
114,514,114,0,0,114,514,114,514,0,34,1,2,3,0,0,-2,3,-5,-2,19,19,810,0.0,0.0,0.0,0.0,0.0,0.0,100,0,0
114,514,114,0,0,114,514,114,514,0,33,1,2,3,0,0,-2,11,-12,-6,19,19,810,0.0,0.0,0.0,0.0,0.0,0.0,100,0,0
114,514,114,0,0,114,514,114,514,0,33,1,2,3,0,0,-2,-15,0,0,19,19,810,0.0,0.0,0.0,0.0,0.0,0.0,100,0,0
114,514,114,0,0,114,514,114,514,0,33,1,2,3,0,0,-2,-6,1,-2,19,19,810,0.0,0.0,0.0,0.0,0.0,0.0,100,0,0
114,514,114,0,0,114,514,114,514,0,33,1,2,3,0,0,-2,9,-1,4,19,19,810,0.0,0.0,0.0,0.0,0.0,0.0,100,0,0
114,514,114,0,0,114,514,114,514,0,33,1,2,3,0,0,-2,2,0,19,19,19,810,0.0,0.0,0.0,0.0,0.0,0.0,100,0,0
114,514,114,0,0,114,514,114,514,0,35,1,2,3,0,0,-2,7,-11,-5,19,19,810,0.0,0.0,0.0,0.0,0.0,0.0,100,0,0
114,514,114,0,0,114,514,114,514,0,33,1,2,3,0,0,-2,-12,1,3,19,19,810,0.0,0.0,0.0,0.0,0.0,0.0,100,0,0
114,514,114,0,0,114,514,114,514,0,33,1,2,3,0,0,-2,-2,2,1,19,19,810,0.0,0.0,0.0,0.0,0.0,0.0,100,0,0
114,514,114,0,0,114,514,114,514,0,33,1,2,3,0,0,-2,1,0,0,19,19,810,0.0,0.0,0.0,0.0,0.0,0.0,100,0,0
114,514,114,108,0,114,514,114,514,0,33,1,2,3,0,0,-2,-3,-2,-12,19,19,810,0.0,0.0,0.0,0.0,0.0,0.0,100,0,0
114,514,114,161,0,114,514,114,514,0,33,1,2,3,0,0,-2,5,-5,-12,19,19,810,0.0,0.0,0.0,0.0,0.0,0.0,100,0,0
114,514,114,157,0,114,514,114,514,0,33,1,2,3,0,1,-2,2,-3,11,19,19,810,0.0,0.0,0.0,0.0,0.0,0.0,100,0,0
114,514,114,157,0,114,514,114,514,0,33,1,2,3,0,1,-3,-2,0,13,19,19,810,0.0,0.0,0.0,0.0,0.0,0.0,100,0,0
114,514,114,157,0,114,514,114,514,0,32,1,2,3,0,0,-2,-41,16,28,19,19,810,0.0,0.0,0.0,0.0,0.0,0.0,100,0,0
114,514,114,158,0,114,514,114,514,0,32,1,2,3,0,0,-2,-9,-13,-30,19,19,810,0.0,0.0,0.0,0.0,0.0,0.0,100,0,0
114,514,114,158,0,114,514,114,514,0,32,1,2,3,0,1,-2,15,0,26,19,19,810,0.0,0.0,0.0,0.0,0.0,0.0,100,0,0
114,514,114,157,0,114,514,114,514,0,33,1,2,3,0,1,-2,3,17,22,19,19,810,0.0,0.0,0.0,0.0,0.0,0.0,100,0,0
114,514,114,156,0,114,514,114,514,0,33,1,2,3,0,0,-3,-21,15,17,19,19,810,0.0,0.0,0.0,0.0,0.0,0.0,100,0,0
114,514,114,158,0,114,514,114,514,0,32,1,2,3,0,0,-2,7,0,-6,19,19,810,0.0,0.0,0.0,0.0,0.0,0.0,100,0,0
114,514,114,155,0,114,514,114,514,0,33,1,2,3,0,0,-3,-17,11,16,19,19,810,0.0,0.0,0.0,0.0,0.0,0.0,100,0,0
114,514,114,158,0,114,514,114,514,0,33,1,2,3,0,0,-2,4,-9,-14,19,19,810,0.0,0.0,0.0,0.0,0.0,0.0,100,0,0
114,514,114,158,0,114,514,114,514,0,33,1,2,3,0,0,-2,5,-5,-10,19,19,810,0.0,0.0,0.0,0.0,0.0,0.0,100,0,0
114,514,114,157,0,114,514,114,514,0,33,1,2,3,0,1,-2,-1,-1,14,19,19,810,0.0,0.0,0.0,0.0,0.0,0.0,100,0,0
114,514,114,158,0,114,514,114,514,0,33,1,2,3,0,0,-3,2,6,23,19,19,810,0.0,0.0,0.0,0.0,0.0,0.0,100,0,0
114,514,114,155,0,114,514,114,514,0,33,1,2,3,0,1,-3,3,-1,23,19,19,810,0.0,0.0,0.0,0.0,0.0,0.0,100,0,0
114,514,114,157,0,114,514,114,514,0,33,1,2,3,0,0,-3,3,5,22,19,19,810,0.0,0.0,0.0,0.0,0.0,0.0,100,0,0
114,514,114,155,0,114,514,114,514,0,33,1,2,3,0,1,-3,2,4,23,19,19,810,0.0,0.0,0.0,0.0,0.0,0.0,100,0,0
114,514,114,155,0,114,514,114,514,0,33,1,2,3,0,1,-2,0,-1,19,19,19,810,0.0,0.0,0.0,0.0,0.0,0.0,100,0,0
114,514,114,157,0,114,514,114,514,0,33,1,2,3,0,0,-3,3,1,22,19,19,810,0.0,0.0,0.0,0.0,0.0,0.0,100,0,0
114,514,114,155,0,114,514,114,514,0,33,1,2,3,0,1,-2,1,-3,10,19,19,810,0.0,0.0,0.0,0.0,0.0,0.0,100,0,0
114,514,114,157,0,114,514,114,514,0,33,1,2,3,0,0,-3,1,1,19,19,19,810,0.0,0.0,0.0,0.0,0.0,0.0,100,0,0
114,514,114,155,0,114,514,114,514,0,33,1,2,3,0,1,-2,2,-3,9,19,19,810,0.0,0.0,0.0,0.0,0.0,0.0,100,0,0
114,514,114,156,0,114,514,114,514,0,33,1,2,3,0,1,-2,0,-4,-3,19,19,810,0.0,0.0,0.0,0.0,0.0,0.0,100,0,0
114,514,114,156,0,114,514,114,514,0,33,1,2,3,0,1,-2,0,-1,19,19,19,810,0.0,0.0,0.0,0.0,0.0,0.0,100,0,0
114,514,114,157,0,114,514,114,514,0,33,1,2,3,0,1,-2,4,2,25,19,19,810,0.0,0.0,0.0,0.0,0.0,0.0,100,0,0
114,514,114,155,0,114,514,114,514,0,33,1,2,3,0,1,-2,0,-1,11,19,19,810,0.0,0.0,0.0,0.0,0.0,0.0,100,0,0
114,514,114,157,0,114,514,114,514,0,33,1,2,3,0,0,-3,1,3,25,19,19,810,0.0,0.0,0.0,0.0,0.0,0.0,100,0,0
114,514,114,155,0,114,514,114,514,0,33,1,2,3,0,1,-2,0,-1,13,19,19,810,0.0,0.0,0.0,0.0,0.0,0.0,100,0,0
114,514,114,157,0,114,514,114,514,0,33,1,2,3,0,0,-3,1,0,23,19,19,810,0.0,0.0,0.0,0.0,0.0,0.0,100,0,0
114,514,114,155,0,114,514,114,514,0,33,1,2,3,0,1,-2,-1,0,13,19,19,810,0.0,0.0,0.0,0.0,0.0,0.0,100,0,0
114,514,114,157,0,114,514,114,514,0,33,1,2,3,0,0,-3,2,2,17,19,19,810,0.0,0.0,0.0,0.0,0.0,0.0,100,0,0
114,514,114,155,0,114,514,114,514,0,33,1,2,3,0,1,-2,2,-2,1,19,19,810,0.0,0.0,0.0,0.0,0.0,0.0,100,0,0
114,514,114,156,0,114,514,114,514,0,32,1,2,3,0,1,-2,1,-6,-6,19,19,810,0.0,0.0,0.0,0.0,0.0,0.0,100,0,0
114,514,114,156,0,114,514,114,514,0,32,1,2,3,0,1,-2,0,1,17,19,19,810,0.0,0.0,0.0,0.0,0.0,0.0,100,0,0
114,514,114,155,0,114,514,114,514,0,32,1,2,3,0,1,-2,0,-5,-1,19,19,810,0.0,0.0,0.0,0.0,0.0,0.0,100,0,0
114,514,114,157,0,114,514,114,514,0,33,1,2,3,0,1,-2,2,-4,4,19,19,810,0.0,0.0,0.0,0.0,0.0,0.0,100,0,0
114,514,114,156,0,114,514,114,514,0,32,1,2,3,0,1,-2,0,-7,-10,19,19,810,0.0,0.0,0.0,0.0,0.0,0.0,100,0,0
114,514,114,157,0,114,514,114,514,0,32,1,2,3,0,1,-3,-1,3,14,19,19,810,0.0,0.0,0.0,0.0,0.0,0.0,100,0,0
114,514,114,157,0,114,514,114,514,0,32,1,2,3,0,0,-3,3,7,31,19,19,810,0.0,0.0,0.0,0.0,0.0,0.0,100,0,0
114,514,114,155,0,114,514,114,514,0,32,1,2,3,0,1,-3,4,-1,13,19,19,810,0.0,0.0,0.0,0.0,0.0,0.0,100,0,0
114,514,114,157,0,114,514,114,514,0,32,1,2,3,0,0,-3,2,11,20,19,19,810,0.0,0.0,0.0,0.0,0.0,0.0,100,0,0
114,514,114,156,0,114,514,114,514,0,32,1,2,3,0,0,-3,3,12,3,19,19,810,0.0,0.0,0.0,0.0,0.0,0.0,100,0,0
114,514,114,156,0,114,514,114,514,0,32,1,2,3,0,0,-3,-1,12,23,19,19,810,0.0,0.0,0.0,0.0,0.0,0.0,100,0,0
114,514,114,157,0,114,514,114,514,0,31,1,2,3,0,0,-2,1,8,-8,19,19,810,0.0,0.0,0.0,0.0,0.0,0.0,100,0,0
114,514,114,155,0,114,514,114,514,0,31,1,2,3,0,0,-3,0,15,13,19,19,810,0.0,0.0,0.0,0.0,0.0,0.0,100,0,0
114,514,114,157,0,114,514,114,514,0,31,1,2,3,0,0,-2,0,8,-13,19,19,810,0.0,0.0,0.0,0.0,0.0,0.0,100,0,0
114,514,114,156,0,114,514,114,514,0,31,1,2,3,0,0,-2,0,-1,-29,19,19,810,0.0,0.0,0.0,0.0,0.0,0.0,100,0,0
114,514,114,158,0,114,514,114,514,0,31,1,2,3,0,0,-2,0,-13,-13,19,19,810,0.0,0.0,0.0,0.0,0.0,0.0,100,0,0
114,514,114,157,0,114,514,114,514,0,31,1,2,3,0,1,-2,-4,11,18,19,19,810,0.0,0.0,0.0,0.0,0.0,0.0,100,0,0
114,514,114,158,0,114,514,114,514,0,31,1,2,3,0,0,-3,-6,10,16,19,19,810,0.0,0.0,0.0,0.0,0.0,0.0,100,0,0
114,514,114,157,0,114,514,114,514,0,31,1,2,3,0,0,-2,-6,2,0,19,19,810,0.0,0.0,0.0,0.0,0.0,0.0,100,0,0
114,514,114,155,0,114,514,114,514,0,31,1,2,3,0,0,-3,-8,10,4,19,19,810,0.0,0.0,0.0,0.0,0.0,0.0,100,0,0
114,514,114,157,0,114,514,114,514,0,31,1,2,3,0,0,-2,-7,6,-3,19,19,810,0.0,0.0,0.0,0.0,0.0,0.0,100,0,0
114,514,114,157,0,114,514,114,514,0,31,1,2,3,0,0,-2,-1,-3,-13,19,19,810,0.0,0.0,0.0,0.0,0.0,0.0,100,0,0
114,514,114,158,0,114,514,114,514,0,31,1,2,3,0,0,-2,4,-11,-17,19,19,810,0.0,0.0,0.0,0.0,0.0,0.0,100,0,0
114,514,114,158,0,114,514,114,514,0,31,1,2,3,0,1,-3,2,1,20,19,19,810,0.0,0.0,0.0,0.0,0.0,0.0,100,0,0
114,514,114,155,0,114,514,114,514,0,31,1,2,3,0,1,-2,0,0,14,19,19,810,0.0,0.0,0.0,0.0,0.0,0.0,100,0,0
114,514,114,156,0,114,514,114,514,0,31,1,2,3,0,1,-2,0,-4,-4,19,19,810,0.0,0.0,0.0,0.0,0.0,0.0,100,0,0
114,514,114,156,0,114,514,114,514,0,31,1,2,3,0,1,-2,0,2,10,19,19,810,0.0,0.0,0.0,0.0,0.0,0.0,100,0,0
114,514,114,156,0,114,514,114,514,0,31,1,2,3,0,1,-2,3,-6,7,19,19,810,0.0,0.0,0.0,0.0,0.0,0.0,100,0,0
114,514,114,155,0,114,514,114,514,0,31,1,2,3,0,0,-3,2,-5,-8,19,19,810,0.0,0.0,0.0,0.0,0.0,0.0,100,0,0
114,514,114,157,0,114,514,114,514,0,31,1,2,3,0,1,-2,0,-2,10,19,19,810,0.0,0.0,0.0,0.0,0.0,0.0,100,0,0
114,514,114,156,0,114,514,114,514,0,31,1,2,3,0,1,-2,0,0,15,19,19,810,0.0,0.0,0.0,0.0,0.0,0.0,100,0,0
114,514,114,156,0,114,514,114,514,0,31,1,2,3,0,1,-2,-5,-2,3,19,19,810,0.0,0.0,0.0,0.0,0.0,0.0,100,0,0
114,514,114,156,0,114,514,114,514,0,31,1,2,3,0,1,-2,-7,1,13,19,19,810,0.0,0.0,0.0,0.0,0.0,0.0,100,0,0
114,514,114,157,0,114,514,114,514,0,31,1,2,3,0,1,-3,-2,5,23,19,19,810,0.0,0.0,0.0,0.0,0.0,0.0,100,0,0
114,514,114,157,0,114,514,114,514,0,31,1,2,3,0,0,-3,10,6,26,19,19,810,0.0,0.0,0.0,0.0,0.0,0.0,100,0,0
114,514,114,156,0,114,514,114,514,0,31,1,2,3,0,0,-3,8,10,17,19,19,810,0.0,0.0,0.0,0.0,0.0,0.0,100,0,0
114,514,114,157,0,114,514,114,514,0,31,1,2,3,0,0,-2,6,6,-12,19,19,810,0.0,0.0,0.0,0.0,0.0,0.0,100,0,0
114,514,114,157,0,114,514,114,514,0,31,1,2,3,0,0,-2,3,0,-21,19,19,810,0.0,0.0,0.0,0.0,0.0,0.0,100,0,0
114,514,114,156,0,114,514,114,514,0,31,1,2,3,0,1,-2,2,-14,-33,19,19,810,0.0,0.0,0.0,0.0,0.0,0.0,100,0,0
114,514,114,158,0,114,514,114,514,0,31,1,2,3,0,1,-2,-5,1,6,19,19,810,0.0,0.0,0.0,0.0,0.0,0.0,100,0,0
114,514,114,156,0,114,514,114,514,0,31,1,2,3,0,1,-3,-4,0,8,19,19,810,0.0,0.0,0.0,0.0,0.0,0.0,100,0,0
114,514,114,155,0,114,514,114,514,0,31,1,2,3,0,1,-2,-15,-8,-7,19,19,810,0.0,0.0,0.0,0.0,0.0,0.0,100,0,0
114,514,114,158,0,114,514,114,514,0,31,1,2,3,0,0,-2,0,15,10,19,19,810,0.0,0.0,0.0,0.0,0.0,0.0,100,0,0
114,514,114,156,0,114,514,114,514,0,29,1,2,3,0,1,-2,-18,20,2,19,19,810,0.0,0.0,0.0,0.0,0.0,0.0,100,0,0
114,514,114,157,0,114,514,114,514,0,27,1,2,3,0,0,-2,5,12,5,19,19,810,0.0,0.0,0.0,0.0,0.0,0.0,100,0,0
114,514,114,156,0,114,514,114,514,0,28,1,2,3,0,0,-3,-11,14,1,19,19,810,0.0,0.0,0.0,0.0,0.0,0.0,100,0,0
114,514,114,157,0,114,514,114,514,0,29,1,2,3,0,0,-2,-19,-5,-24,19,19,810,0.0,0.0,0.0,0.0,0.0,0.0,100,0,0
114,514,114,159,0,114,514,114,514,0,27,1,2,3,0,0,-2,-11,2,-25,19,19,810,0.0,0.0,0.0,0.0,0.0,0.0,100,0,0
114,514,114,158,0,114,514,114,514,0,23,1,2,3,0,1,-2,15,11,-1,19,19,810,0.0,0.0,0.0,0.0,0.0,0.0,100,0,0
114,514,114,157,0,114,514,114,514,0,21,1,2,3,0,0,-3,7,8,-4,19,19,810,0.0,0.0,0.0,0.0,0.0,0.0,100,0,0
114,514,114,156,0,114,514,114,514,0,20,1,2,3,0,0,-2,6,-14,12,19,19,810,0.0,0.0,0.0,0.0,0.0,0.0,100,0,0
114,514,114,157,0,114,514,114,514,0,22,1,2,3,0,0,-3,9,-12,9,19,19,810,0.0,0.0,0.0,0.0,0.0,0.0,100,0,0
114,514,114,156,0,114,514,114,514,0,26,1,2,3,0,0,-3,3,-5,-9,19,19,810,0.0,0.0,0.0,0.0,0.0,0.0,100,0,0
114,514,114,157,0,114,514,114,514,0,26,1,2,3,0,0,-2,-10,-19,-12,19,19,810,0.0,0.0,0.0,0.0,0.0,0.0,100,0,0
