114,514,114,0,0,114,514,114,514,0,21,1,2,3,0,1,-2,2,0,0,19,19,810,0.0,0.0,0.0,0.0,0.0,0.0,100,0,0
114,514,114,0,0,114,514,114,514,0,23,1,2,3,0,1,-2,-4,-19,8,19,19,810,0.0,0.0,0.0,0.0,0.0,0.0,100,0,0
114,514,114,0,0,114,514,114,514,0,24,1,2,3,0,1,-2,-17,13,9,19,19,810,0.0,0.0,0.0,0.0,0.0,0.0,100,0,0
114,514,114,0,0,114,514,114,514,0,24,1,2,3,0,0,-2,8,-22,-6,19,19,810,0.0,0.0,0.0,0.0,0.0,0.0,100,0,0
114,514,114,0,0,114,514,114,514,0,25,1,2,3,0,0,-2,-15,-20,25,19,19,810,0.0,0.0,0.0,0.0,0.0,0.0,100,0,0
114,514,114,0,0,114,514,114,514,0,215,1,2,3,0,0,-2,6,-24,31,19,19,810,0.0,0.0,0.0,0.0,0.0,0.0,100,0,0
114,514,114,0,0,114,514,114,514,0,215,1,2,3,0,1,-2,-1,0,-2,19,19,810,0.0,0.0,0.0,0.0,0.0,0.0,100,0,0
114,514,114,0,0,114,514,114,514,0,16,1,2,3,0,0,-2,18,20,9,19,19,810,0.0,0.0,0.0,0.0,0.0,0.0,100,0,0
114,514,114,0,0,114,514,114,514,0,215,1,2,3,0,0,-2,-28,-5,6,19,19,810,0.0,0.0,0.0,0.0,0.0,0.0,100,0,0
114,514,114,0,0,114,514,114,514,0,16,1,2,3,0,0,-3,11,-8,22,19,19,810,0.0,0.0,0.0,0.0,0.0,0.0,100,0,0
114,514,114,0,0,114,514,114,514,0,215,1,2,3,0,0,-2,57,-8,60,19,19,810,0.0,0.0,0.0,0.0,0.0,0.0,100,0,0
114,514,114,0,0,114,514,114,514,0,215,1,2,3,0,0,-2,-4,0,21,19,19,810,0.0,0.0,0.0,0.0,0.0,0.0,100,0,0
114,514,114,0,0,114,514,114,514,0,215,1,2,3,0,0,-3,-119,3,-64,19,19,810,0.0,0.0,0.0,0.0,0.0,0.0,100,0,0
114,514,114,0,0,114,514,114,514,0,25,1,2,3,0,1,-3,-16,29,-44,19,19,810,0.0,0.0,0.0,0.0,0.0,0.0,100,0,0
114,514,114,0,0,114,514,114,514,0,215,1,2,3,0,1,-2,34,48,0,19,19,810,0.0,0.0,0.0,0.0,0.0,0.0,100,0,0
114,514,114,0,0,114,514,114,514,0,215,1,2,3,1,1,-2,0,-12,-36,19,19,810,0.0,0.0,0.0,0.0,0.0,0.0,100,0,0
114,514,114,0,0,114,514,114,514,0,215,1,2,3,0,1,-2,-59,6,-14,19,19,810,0.0,0.0,0.0,0.0,0.0,0.0,100,0,0
114,514,114,0,0,114,514,114,514,0,215,1,2,3,1,1,-2,0,22,-15,19,19,810,0.0,0.0,0.0,0.0,0.0,0.0,100,0,0
114,514,114,0,0,114,514,114,514,0,215,1,2,3,1,1,-2,0,-3,8,19,19,810,0.0,0.0,0.0,0.0,0.0,0.0,100,0,0
114,514,114,0,0,114,514,114,514,0,215,1,2,3,0,1,-2,-9,-17,2,19,19,810,0.0,0.0,0.0,0.0,0.0,0.0,100,0,0
114,514,114,0,0,114,514,114,514,0,215,1,2,3,0,1,-2,-2,-4,30,19,19,810,0.0,0.0,0.0,0.0,0.0,0.0,100,0,0
114,514,114,0,0,114,514,114,514,0,215,1,2,3,0,1,-2,-10,-30,9,19,19,810,0.0,0.0,0.0,0.0,0.0,0.0,100,0,0
114,514,114,0,0,114,514,114,514,0,30,1,2,3,0,1,-2,-2,-2,42,19,19,810,0.0,0.0,0.0,0.0,0.0,0.0,100,0,0
114,514,114,0,0,114,514,114,514,0,33,1,2,3,0,1,-2,14,-27,8,19,19,810,0.0,0.0,0.0,0.0,0.0,0.0,100,0,0
114,514,114,0,0,114,514,114,514,0,215,1,2,3,0,1,-2,-14,0,12,19,19,810,0.0,0.0,0.0,0.0,0.0,0.0,100,0,0
114,514,114,0,0,114,514,114,514,0,215,1,2,3,0,1,-2,16,5,-11,19,19,810,0.0,0.0,0.0,0.0,0.0,0.0,100,0,0
114,514,114,0,0,114,514,114,514,0,215,1,2,3,0,1,-2,2,-8,-23,19,19,810,0.0,0.0,0.0,0.0,0.0,0.0,100,0,0
114,514,114,0,0,114,514,114,514,0,215,1,2,3,0,1,-2,-1,-24,2,19,19,810,0.0,0.0,0.0,0.0,0.0,0.0,100,0,0
114,514,114,0,0,114,514,114,514,0,215,1,2,3,0,1,-2,7,-8,-3,19,19,810,0.0,0.0,0.0,0.0,0.0,0.0,100,0,0
114,514,114,0,0,114,514,114,514,0,215,1,2,3,0,1,-2,7,23,10,19,19,810,0.0,0.0,0.0,0.0,0.0,0.0,100,0,0
114,514,114,0,0,114,514,114,514,0,33,1,2,3,0,1,-2,10,5,-8,19,19,810,0.0,0.0,0.0,0.0,0.0,0.0,100,0,0
114,514,114,0,0,114,514,114,514,0,215,1,2,3,0,1,-2,9,6,-11,19,19,810,0.0,0.0,0.0,0.0,0.0,0.0,100,0,0
114,514,114,0,0,114,514,114,514,0,215,1,2,3,0,1,-2,5,13,-12,19,19,810,0.0,0.0,0.0,0.0,0.0,0.0,100,0,0
114,514,114,0,0,114,514,114,514,0,215,1,2,3,1,1,-2,7,22,-28,19,19,810,0.0,0.0,0.0,0.0,0.0,0.0,100,0,0
114,514,114,0,0,114,514,114,514,0,215,1,2,3,0,1,-2,16,4,-19,19,19,810,0.0,0.0,0.0,0.0,0.0,0.0,100,0,0
114,514,114,0,0,114,514,114,514,0,215,1,2,3,1,0,-2,28,0,-43,19,19,810,0.0,0.0,0.0,0.0,0.0,0.0,100,0,0
114,514,114,0,0,114,514,114,514,0,215,1,2,3,1,1,-2,-5,41,-25,19,19,810,0.0,0.0,0.0,0.0,0.0,0.0,100,0,0
114,514,114,0,0,114,514,114,514,0,215,1,2,3,1,1,-2,-5,4,6,19,19,810,0.0,0.0,0.0,0.0,0.0,0.0,100,0,0
114,514,114,0,0,114,514,114,514,0,215,1,2,3,1,1,-2,-11,-7,0,19,19,810,0.0,0.0,0.0,0.0,0.0,0.0,100,0,0
114,514,114,0,0,114,514,114,514,0,215,1,2,3,1,1,-2,6,4,2,19,19,810,0.0,0.0,0.0,0.0,0.0,0.0,100,0,0
