114,514,114,0,0,114,514,114,514,0,215,1,2,3,1,1,-2,9,-4,-11,19,19,810,0.0,0.0,0.0,0.0,0.0,0.0,100,0,0
114,514,114,0,0,114,514,114,514,0,215,1,2,3,1,1,-2,3,2,-13,19,19,810,0.0,0.0,0.0,0.0,0.0,0.0,100,0,0
114,514,114,0,0,114,514,114,514,0,215,1,2,3,1,1,-2,0,-5,-3,19,19,810,0.0,0.0,0.0,0.0,0.0,0.0,100,0,0
114,514,114,0,0,114,514,114,514,0,215,1,2,3,0,1,-2,-13,-1,3,19,19,810,0.0,0.0,0.0,0.0,0.0,0.0,100,0,0
114,514,114,0,0,114,514,114,514,0,215,1,2,3,0,1,-2,0,-5,1,19,19,810,0.0,0.0,0.0,0.0,0.0,0.0,100,0,0
114,514,114,0,0,114,514,114,514,0,215,1,2,3,1,1,-2,8,-2,6,19,19,810,0.0,0.0,0.0,0.0,0.0,0.0,100,0,0
114,514,114,0,0,114,514,114,514,0,215,1,2,3,1,1,-2,0,0,-4,19,19,810,0.0,0.0,0.0,0.0,0.0,0.0,100,0,0
114,514,114,0,0,114,514,114,514,0,215,1,2,3,1,1,-2,-5,-9,0,19,19,810,0.0,0.0,0.0,0.0,0.0,0.0,100,0,0
114,514,114,0,0,114,514,114,514,0,215,1,2,3,0,1,-2,-6,-8,4,19,19,810,0.0,0.0,0.0,0.0,0.0,0.0,100,0,0
114,514,114,0,0,114,514,114,514,0,215,1,2,3,0,1,-2,0,-2,9,19,19,810,0.0,0.0,0.0,0.0,0.0,0.0,100,0,0
114,514,114,0,0,114,514,114,514,0,215,1,2,3,0,1,-2,2,-8,6,19,19,810,0.0,0.0,0.0,0.0,0.0,0.0,100,0,0
114,514,114,0,0,114,514,114,514,0,215,1,2,3,0,1,-2,-1,-4,1,19,19,810,0.0,0.0,0.0,0.0,0.0,0.0,100,0,0
114,514,114,0,0,114,514,114,514,0,215,1,2,3,0,1,-2,-1,1,1,19,19,810,0.0,0.0,0.0,0.0,0.0,0.0,100,0,0
114,514,114,0,0,114,514,114,514,0,215,1,2,3,0,1,-2,-1,1,-7,19,19,810,0.0,0.0,0.0,0.0,0.0,0.0,100,0,0
114,514,114,0,0,114,514,114,514,0,215,1,2,3,0,1,-2,-2,3,-2,19,19,810,0.0,0.0,0.0,0.0,0.0,0.0,100,0,0
114,514,114,0,0,114,514,114,514,0,215,1,2,3,0,1,-2,-1,-2,14,19,19,810,0.0,0.0,0.0,0.0,0.0,0.0,100,0,0
114,514,114,0,0,114,514,114,514,0,215,1,2,3,0,1,-2,-8,-15,8,19,19,810,0.0,0.0,0.0,0.0,0.0,0.0,100,0,0
114,514,114,0,0,114,514,114,514,0,215,1,2,3,0,1,-2,0,-3,4,19,19,810,0.0,0.0,0.0,0.0,0.0,0.0,100,0,0
114,514,114,0,0,114,514,114,514,0,215,1,2,3,0,1,-2,0,0,1,19,19,810,0.0,0.0,0.0,0.0,0.0,0.0,100,0,0
114,514,114,0,0,114,514,114,514,0,215,1,2,3,0,1,-2,-2,0,0,19,19,810,0.0,0.0,0.0,0.0,0.0,0.0,100,0,0
114,514,114,0,0,114,514,114,514,0,215,1,2,3,0,1,-2,-5,-6,2,19,19,810,0.0,0.0,0.0,0.0,0.0,0.0,100,0,0
114,514,114,0,0,114,514,114,514,0,215,1,2,3,0,1,-2,-1,0,0,19,19,810,0.0,0.0,0.0,0.0,0.0,0.0,100,0,0
114,514,114,0,0,114,514,114,514,0,215,1,2,3,0,1,-2,1,-1,1,19,19,810,0.0,0.0,0.0,0.0,0.0,0.0,100,0,0
114,514,114,0,0,114,514,114,514,0,215,1,2,3,0,1,-2,-5,-1,4,19,19,810,0.0,0.0,0.0,0.0,0.0,0.0,100,0,0
114,514,114,0,0,114,514,114,514,0,215,1,2,3,0,1,-2,-1,-1,3,19,19,810,0.0,0.0,0.0,0.0,0.0,0.0,100,0,0
114,514,114,0,0,114,514,114,514,0,215,1,2,3,0,1,-2,-3,0,0,19,19,810,0.0,0.0,0.0,0.0,0.0,0.0,100,0,0
114,514,114,0,0,114,514,114,514,0,215,1,2,3,0,1,-2,-1,0,1,19,19,810,0.0,0.0,0.0,0.0,0.0,0.0,100,0,0
114,514,114,0,0,114,514,114,514,0,215,1,2,3,0,1,-2,-2,-3,4,19,19,810,0.0,0.0,0.0,0.0,0.0,0.0,100,0,0
114,514,114,0,0,114,514,114,514,0,215,1,2,3,0,1,-2,-6,-2,5,19,19,810,0.0,0.0,0.0,0.0,0.0,0.0,100,0,0
114,514,114,0,0,114,514,114,514,0,215,1,2,3,0,1,-2,-4,-1,0,19,19,810,0.0,0.0,0.0,0.0,0.0,0.0,100,0,0
114,514,114,0,0,114,514,114,514,0,215,1,2,3,0,1,-2,3,0,0,19,19,810,0.0,0.0,0.0,0.0,0.0,0.0,100,0,0
114,514,114,0,0,114,514,114,514,0,215,1,2,3,0,1,-2,0,0,-3,19,19,810,0.0,0.0,0.0,0.0,0.0,0.0,100,0,0
114,514,114,0,0,114,514,114,514,0,215,1,2,3,0,1,-2,4,-2,-1,19,19,810,0.0,0.0,0.0,0.0,0.0,0.0,100,0,0
114,514,114,0,0,114,514,114,514,0,215,1,2,3,0,0,-2,20,9,6,19,19,810,0.0,0.0,0.0,0.0,0.0,0.0,100,0,0
114,514,114,0,0,114,514,114,514,0,215,1,2,3,1,0,-2,6,-4,13,19,19,810,0.0,0.0,0.0,0.0,0.0,0.0,100,0,0
114,514,114,0,0,114,514,114,514,0,215,1,2,3,0,0,-2,4,-21,6,19,19,810,0.0,0.0,0.0,0.0,0.0,0.0,100,0,0
114,514,114,0,0,114,514,114,514,0,215,1,2,3,0,0,-2,48,-12,5,19,19,810,0.0,0.0,0.0,0.0,0.0,0.0,100,0,0
114,514,114,-1,0,114,514,114,514,0,215,1,2,3,0,0,-2,9,50,-17,19,19,810,0.0,0.0,0.0,0.0,0.0,0.0,100,0,0
114,514,114,0,0,114,514,114,514,0,215,1,2,3,0,1,-2,37,15,-24,19,19,810,0.0,0.0,0.0,0.0,0.0,0.0,100,0,0
114,514,114,0,0,114,514,114,514,0,215,1,2,3,1,1,-3,-19,-27,-60,19,19,810,0.0,0.0,0.0,0.0,0.0,0.0,100,0,0
114,514,114,0,0,114,514,114,514,0,9,1,2,3,1,0,-3,15,-3,-19,19,19,810,0.0,0.0,0.0,0.0,0.0,0.0,100,0,0
114,514,114,0,0,114,514,114,514,0,13,1,2,3,0,0,-2,1,30,5,19,19,810,0.0,0.0,0.0,0.0,0.0,0.0,100,0,0
114,514,114,0,0,114,514,114,514,0,15,1,2,3,2,1,-2,8,80,-120,19,19,810,0.0,0.0,0.0,0.0,0.0,0.0,100,0,0
114,514,114,0,0,114,514,114,514,0,11,1,2,3,0,0,-2,-9,-2,-4,19,19,810,0.0,0.0,0.0,0.0,0.0,0.0,100,0,0
114,514,114,-1,0,114,514,114,514,0,3,1,2,3,0,0,-2,6,3,5,19,19,810,0.0,0.0,0.0,0.0,0.0,0.0,100,0,0
114,514,114,-2,0,114,514,114,514,0,3,1,2,3,0,0,-2,-3,0,0,19,19,810,0.0,0.0,0.0,0.0,0.0,0.0,100,0,0
114,514,114,0,0,114,514,114,514,0,4,1,2,3,0,0,-2,0,-2,-2,19,19,810,0.0,0.0,0.0,0.0,0.0,0.0,100,0,0
114,514,114,0,0,114,514,114,514,0,3,1,2,3,0,0,-2,-1,-2,0,19,19,810,0.0,0.0,0.0,0.0,0.0,0.0,100,0,0
114,514,114,0,0,114,514,114,514,0,4,1,2,3,0,0,-2,-4,-1,-1,19,19,810,0.0,0.0,0.0,0.0,0.0,0.0,100,0,0
114,514,114,0,0,114,514,114,514,0,3,1,2,3,0,0,-2,0,-1,-2,19,19,810,0.0,0.0,0.0,0.0,0.0,0.0,100,0,0
114,514,114,0,0,114,514,114,514,0,4,1,2,3,0,0,-2,0,0,1,19,19,810,0.0,0.0,0.0,0.0,0.0,0.0,100,0,0
114,514,114,0,0,114,514,114,514,0,4,1,2,3,0,0,-2,-2,-1,-1,19,19,810,0.0,0.0,0.0,0.0,0.0,0.0,100,0,0
114,514,114,0,0,114,514,114,514,0,3,1,2,3,0,0,-2,-1,-2,-4,19,19,810,0.0,0.0,0.0,0.0,0.0,0.0,100,0,0
114,514,114,0,0,114,514,114,514,0,3,1,2,3,0,0,-2,-1,0,-1,19,19,810,0.0,0.0,0.0,0.0,0.0,0.0,100,0,0
114,514,114,0,0,114,514,114,514,0,4,1,2,3,0,0,-2,-1,0,0,19,19,810,0.0,0.0,0.0,0.0,0.0,0.0,100,0,0
114,514,114,0,0,114,514,114,514,0,3,1,2,3,0,0,-2,-1,0,0,19,19,810,0.0,0.0,0.0,0.0,0.0,0.0,100,0,0
114,514,114,0,0,114,514,114,514,0,4,1,2,3,0,0,-2,-1,0,0,19,19,810,0.0,0.0,0.0,0.0,0.0,0.0,100,0,0
114,514,114,0,0,114,514,114,514,0,4,1,2,3,0,0,-2,-1,-1,0,19,19,810,0.0,0.0,0.0,0.0,0.0,0.0,100,0,0
114,514,114,0,0,114,514,114,514,0,4,1,2,3,0,0,-2,-1,0,-5,19,19,810,0.0,0.0,0.0,0.0,0.0,0.0,100,0,0
114,514,114,0,0,114,514,114,514,0,4,1,2,3,0,0,-2,0,-1,2,19,19,810,0.0,0.0,0.0,0.0,0.0,0.0,100,0,0
114,514,114,0,0,114,514,114,514,0,3,1,2,3,0,0,-2,-1,-1,-1,19,19,810,0.0,0.0,0.0,0.0,0.0,0.0,100,0,0
114,514,114,0,0,114,514,114,514,0,3,1,2,3,0,0,-2,0,0,0,19,19,810,0.0,0.0,0.0,0.0,0.0,0.0,100,0,0
114,514,114,0,0,114,514,114,514,0,3,1,2,3,0,0,-2,-1,0,0,19,19,810,0.0,0.0,0.0,0.0,0.0,0.0,100,0,0
114,514,114,0,0,114,514,114,514,0,3,1,2,3,0,0,-2,-1,0,0,19,19,810,0.0,0.0,0.0,0.0,0.0,0.0,100,0,0
114,514,114,0,0,114,514,114,514,0,3,1,2,3,0,0,-2,0,0,-1,19,19,810,0.0,0.0,0.0,0.0,0.0,0.0,100,0,0
114,514,114,0,0,114,514,114,514,0,4,1,2,3,0,0,-2,-1,-1,-1,19,19,810,0.0,0.0,0.0,0.0,0.0,0.0,100,0,0
114,514,114,0,0,114,514,114,514,0,3,1,2,3,0,0,-2,-1,-1,0,19,19,810,0.0,0.0,0.0,0.0,0.0,0.0,100,0,0
114,514,114,0,0,114,514,114,514,0,3,1,2,3,0,0,-2,-1,0,0,19,19,810,0.0,0.0,0.0,0.0,0.0,0.0,100,0,0
114,514,114,0,0,114,514,114,514,0,3,1,2,3,0,0,-2,-2,-2,0,19,19,810,0.0,0.0,0.0,0.0,0.0,0.0,100,0,0
114,514,114,0,0,114,514,114,514,0,3,1,2,3,0,0,-2,-1,-1,0,19,19,810,0.0,0.0,0.0,0.0,0.0,0.0,100,0,0
114,514,114,0,0,114,514,114,514,0,4,1,2,3,0,0,-2,-1,0,0,19,19,810,0.0,0.0,0.0,0.0,0.0,0.0,100,0,0
114,514,114,0,0,114,514,114,514,0,4,1,2,3,0,0,-2,-2,-1,-3,19,19,810,0.0,0.0,0.0,0.0,0.0,0.0,100,0,0
114,514,114,0,0,114,514,114,514,0,3,1,2,3,0,0,-2,-1,0,-1,19,19,810,0.0,0.0,0.0,0.0,0.0,0.0,100,0,0
114,514,114,0,0,114,514,114,514,0,4,1,2,3,0,0,-2,-2,-1,-2,19,19,810,0.0,0.0,0.0,0.0,0.0,0.0,100,0,0
114,514,114,0,0,114,514,114,514,0,4,1,2,3,0,0,-2,-1,-1,0,19,19,810,0.0,0.0,0.0,0.0,0.0,0.0,100,0,0
114,514,114,0,0,114,514,114,514,0,4,1,2,3,0,0,-2,0,1,0,19,19,810,0.0,0.0,0.0,0.0,0.0,0.0,100,0,0
114,514,114,0,0,114,514,114,514,0,4,1,2,3,0,0,-2,-1,0,0,19,19,810,0.0,0.0,0.0,0.0,0.0,0.0,100,0,0
114,514,114,0,0,114,514,114,514,0,3,1,2,3,0,0,-2,-1,-1,-1,19,19,810,0.0,0.0,0.0,0.0,0.0,0.0,100,0,0
114,514,114,0,0,114,514,114,514,0,3,1,2,3,0,0,-2,-1,0,0,19,19,810,0.0,0.0,0.0,0.0,0.0,0.0,100,0,0
114,514,114,0,0,114,514,114,514,0,3,1,2,3,0,0,-2,-2,-1,-3,19,19,810,0.0,0.0,0.0,0.0,0.0,0.0,100,0,0
114,514,114,0,0,114,514,114,514,0,3,1,2,3,0,0,-2,0,0,-2,19,19,810,0.0,0.0,0.0,0.0,0.0,0.0,100,0,0
114,514,114,0,0,114,514,114,514,0,4,1,2,3,0,0,-2,0,-1,1,19,19,810,0.0,0.0,0.0,0.0,0.0,0.0,100,0,0
114,514,114,0,0,114,514,114,514,0,3,1,2,3,0,0,-2,0,0,0,19,19,810,0.0,0.0,0.0,0.0,0.0,0.0,100,0,0
114,514,114,0,0,114,514,114,514,0,3,1,2,3,0,0,-2,0,0,0,19,19,810,0.0,0.0,0.0,0.0,0.0,0.0,100,0,0
114,514,114,0,0,114,514,114,514,0,3,1,2,3,0,0,-2,-1,0,0,19,19,810,0.0,0.0,0.0,0.0,0.0,0.0,100,0,0
114,514,114,0,0,114,514,114,514,0,4,1,2,3,0,0,-2,-1,0,0,19,19,810,0.0,0.0,0.0,0.0,0.0,0.0,100,0,0
114,514,114,0,0,114,514,114,514,0,3,1,2,3,0,0,-2,-1,0,0,19,19,810,0.0,0.0,0.0,0.0,0.0,0.0,100,0,0
114,514,114,0,0,114,514,114,514,0,3,1,2,3,0,0,-2,-1,-1,0,19,19,810,0.0,0.0,0.0,0.0,0.0,0.0,100,0,0
114,514,114,0,0,114,514,114,514,0,3,1,2,3,0,0,-2,-1,0,0,19,19,810,0.0,0.0,0.0,0.0,0.0,0.0,100,0,0
114,514,114,0,0,114,514,114,514,0,3,1,2,3,0,0,-2,-1,0,-1,19,19,810,0.0,0.0,0.0,0.0,0.0,0.0,100,0,0
114,514,114,0,0,114,514,114,514,0,3,1,2,3,0,0,-2,-1,0,0,19,19,810,0.0,0.0,0.0,0.0,0.0,0.0,100,0,0
114,514,114,0,0,114,514,114,514,0,4,1,2,3,0,0,-2,-1,0,0,19,19,810,0.0,0.0,0.0,0.0,0.0,0.0,100,0,0
114,514,114,0,0,114,514,114,514,0,3,1,2,3,0,0,-2,-2,0,0,19,19,810,0.0,0.0,0.0,0.0,0.0,0.0,100,0,0
114,514,114,0,0,114,514,114,514,0,3,1,2,3,0,0,-2,-1,0,0,19,19,810,0.0,0.0,0.0,0.0,0.0,0.0,100,0,0
114,514,114,0,0,114,514,114,514,0,4,1,2,3,0,0,-2,-1,0,0,19,19,810,0.0,0.0,0.0,0.0,0.0,0.0,100,0,0
114,514,114,0,0,114,514,114,514,0,3,1,2,3,0,0,-2,-2,0,-1,19,19,810,0.0,0.0,0.0,0.0,0.0,0.0,100,0,0
114,514,114,0,0,114,514,114,514,0,4,1,2,3,0,0,-2,-1,0,0,19,19,810,0.0,0.0,0.0,0.0,0.0,0.0,100,0,0
114,514,114,0,0,114,514,114,514,0,4,1,2,3,0,0,-2,0,-1,0,19,19,810,0.0,0.0,0.0,0.0,0.0,0.0,100,0,0
114,514,114,0,0,114,514,114,514,0,4,1,2,3,0,0,-2,2,-2,3,19,19,810,0.0,0.0,0.0,0.0,0.0,0.0,100,0,0
114,514,114,0,0,114,514,114,514,0,3,1,2,3,0,0,-2,-1,0,0,19,19,810,0.0,0.0,0.0,0.0,0.0,0.0,100,0,0
114,514,114,0,0,114,514,114,514,0,3,1,2,3,0,0,-2,0,-1,0,19,19,810,0.0,0.0,0.0,0.0,0.0,0.0,100,0,0
114,514,114,0,0,114,514,114,514,0,4,1,2,3,0,0,-2,-1,0,0,19,19,810,0.0,0.0,0.0,0.0,0.0,0.0,100,0,0
114,514,114,0,0,114,514,114,514,0,4,1,2,3,0,0,-2,-1,0,0,19,19,810,0.0,0.0,0.0,0.0,0.0,0.0,100,0,0
114,514,114,0,0,114,514,114,514,0,3,1,2,3,0,0,-2,-1,0,0,19,19,810,0.0,0.0,0.0,0.0,0.0,0.0,100,0,0
114,514,114,0,0,114,514,114,514,0,4,1,2,3,0,0,-2,0,-1,1,19,19,810,0.0,0.0,0.0,0.0,0.0,0.0,100,0,0
114,514,114,0,0,114,514,114,514,0,3,1,2,3,0,0,-2,-1,-1,-1,19,19,810,0.0,0.0,0.0,0.0,0.0,0.0,100,0,0
114,514,114,0,0,114,514,114,514,0,3,1,2,3,0,0,-2,-1,0,0,19,19,810,0.0,0.0,0.0,0.0,0.0,0.0,100,0,0
114,514,114,0,0,114,514,114,514,0,3,1,2,3,0,0,-2,-1,0,0,19,19,810,0.0,0.0,0.0,0.0,0.0,0.0,100,0,0
114,514,114,0,0,114,514,114,514,0,4,1,2,3,0,0,-2,-1,0,-1,19,19,810,0.0,0.0,0.0,0.0,0.0,0.0,100,0,0
114,514,114,0,0,114,514,114,514,0,4,1,2,3,0,0,-2,-1,0,0,19,19,810,0.0,0.0,0.0,0.0,0.0,0.0,100,0,0
114,514,114,0,0,114,514,114,514,0,4,1,2,3,0,0,-2,-1,0,0,19,19,810,0.0,0.0,0.0,0.0,0.0,0.0,100,0,0
114,514,114,0,0,114,514,114,514,0,4,1,2,3,0,0,-2,-1,0,0,19,19,810,0.0,0.0,0.0,0.0,0.0,0.0,100,0,0
114,514,114,0,0,114,514,114,514,0,3,1,2,3,0,0,-2,-1,0,0,19,19,810,0.0,0.0,0.0,0.0,0.0,0.0,100,0,0
114,514,114,0,0,114,514,114,514,0,3,1,2,3,0,0,-2,-1,0,0,19,19,810,0.0,0.0,0.0,0.0,0.0,0.0,100,0,0
114,514,114,0,0,114,514,114,514,0,3,1,2,3,0,0,-2,-1,0,0,19,19,810,0.0,0.0,0.0,0.0,0.0,0.0,100,0,0
114,514,114,0,0,114,514,114,514,0,4,1,2,3,0,0,-2,-1,0,0,19,19,810,0.0,0.0,0.0,0.0,0.0,0.0,100,0,0
114,514,114,0,0,114,514,114,514,0,4,1,2,3,0,0,-2,-1,0,0,19,19,810,0.0,0.0,0.0,0.0,0.0,0.0,100,0,0
114,514,114,0,0,114,514,114,514,0,4,1,2,3,0,0,-2,-1,0,0,19,19,810,0.0,0.0,0.0,0.0,0.0,0.0,100,0,0
114,514,114,0,0,114,514,114,514,0,3,1,2,3,0,0,-2,-1,0,0,19,19,810,0.0,0.0,0.0,0.0,0.0,0.0,100,0,0
114,514,114,0,0,114,514,114,514,0,3,1,2,3,0,0,-2,-1,0,0,19,19,810,0.0,0.0,0.0,0.0,0.0,0.0,100,0,0
114,514,114,0,0,114,514,114,514,0,3,1,2,3,0,0,-2,-1,0,-1,19,19,810,0.0,0.0,0.0,0.0,0.0,0.0,100,0,0
114,514,114,0,0,114,514,114,514,0,4,1,2,3,0,0,-2,-1,0,0,19,19,810,0.0,0.0,0.0,0.0,0.0,0.0,100,0,0
114,514,114,0,0,114,514,114,514,0,4,1,2,3,0,0,-2,-1,0,1,19,19,810,0.0,0.0,0.0,0.0,0.0,0.0,100,0,0
114,514,114,0,0,114,514,114,514,0,3,1,2,3,0,0,-2,0,-2,1,19,19,810,0.0,0.0,0.0,0.0,0.0,0.0,100,0,0
114,514,114,0,0,114,514,114,514,0,3,1,2,3,0,0,-2,-1,-1,-3,19,19,810,0.0,0.0,0.0,0.0,0.0,0.0,100,0,0
114,514,114,0,0,114,514,114,514,0,4,1,2,3,0,0,-2,-1,0,0,19,19,810,0.0,0.0,0.0,0.0,0.0,0.0,100,0,0
114,514,114,0,0,114,514,114,514,0,4,1,2,3,0,0,-2,-1,0,0,19,19,810,0.0,0.0,0.0,0.0,0.0,0.0,100,0,0
114,514,114,0,0,114,514,114,514,0,3,1,2,3,0,0,-2,-1,0,0,19,19,810,0.0,0.0,0.0,0.0,0.0,0.0,100,0,0
114,514,114,0,0,114,514,114,514,0,4,1,2,3,0,0,-2,-2,1,0,19,19,810,0.0,0.0,0.0,0.0,0.0,0.0,100,0,0
114,514,114,0,0,114,514,114,514,0,4,1,2,3,0,0,-2,-1,0,0,19,19,810,0.0,0.0,0.0,0.0,0.0,0.0,100,0,0
114,514,114,0,0,114,514,114,514,0,3,1,2,3,0,0,-2,-1,0,0,19,19,810,0.0,0.0,0.0,0.0,0.0,0.0,100,0,0
114,514,114,0,0,114,514,114,514,0,3,1,2,3,0,0,-2,-1,0,0,19,19,810,0.0,0.0,0.0,0.0,0.0,0.0,100,0,0
114,514,114,0,0,114,514,114,514,0,3,1,2,3,0,0,-2,-1,0,-1,19,19,810,0.0,0.0,0.0,0.0,0.0,0.0,100,0,0
114,514,114,0,0,114,514,114,514,0,4,1,2,3,0,0,-2,-1,0,0,19,19,810,0.0,0.0,0.0,0.0,0.0,0.0,100,0,0
114,514,114,0,0,114,514,114,514,0,3,1,2,3,0,0,-2,-1,0,-1,19,19,810,0.0,0.0,0.0,0.0,0.0,0.0,100,0,0
114,514,114,0,0,114,514,114,514,0,3,1,2,3,0,0,-2,-1,0,-1,19,19,810,0.0,0.0,0.0,0.0,0.0,0.0,100,0,0
114,514,114,0,0,114,514,114,514,0,3,1,2,3,0,0,-2,0,0,0,19,19,810,0.0,0.0,0.0,0.0,0.0,0.0,100,0,0
114,514,114,0,0,114,514,114,514,0,3,1,2,3,1,0,-3,-4,1,14,19,19,810,0.0,0.0,0.0,0.0,0.0,0.0,100,0,0
114,514,114,0,0,114,514,114,514,0,3,1,2,3,0,0,-2,-1,0,0,19,19,810,0.0,0.0,0.0,0.0,0.0,0.0,100,0,0
114,514,114,0,0,114,514,114,514,0,3,1,2,3,0,0,-2,-4,0,1,19,19,810,0.0,0.0,0.0,0.0,0.0,0.0,100,0,0
114,514,114,0,0,114,514,114,514,0,3,1,2,3,0,0,-2,-1,-1,0,19,19,810,0.0,0.0,0.0,0.0,0.0,0.0,100,0,0
114,514,114,0,0,114,514,114,514,0,3,1,2,3,0,0,-2,-1,0,0,19,19,810,0.0,0.0,0.0,0.0,0.0,0.0,100,0,0
114,514,114,0,0,114,514,114,514,0,3,1,2,3,0,0,-2,-1,0,0,19,19,810,0.0,0.0,0.0,0.0,0.0,0.0,100,0,0
114,514,114,0,0,114,514,114,514,0,3,1,2,3,0,0,-2,-1,0,0,19,19,810,0.0,0.0,0.0,0.0,0.0,0.0,100,0,0
114,514,114,0,0,114,514,114,514,0,3,1,2,3,0,0,-2,-1,0,-2,19,19,810,0.0,0.0,0.0,0.0,0.0,0.0,100,0,0
114,514,114,0,0,114,514,114,514,0,4,1,2,3,0,0,-2,-1,0,-1,19,19,810,0.0,0.0,0.0,0.0,0.0,0.0,100,0,0
114,514,114,0,0,114,514,114,514,0,3,1,2,3,0,0,-2,-1,0,0,19,19,810,0.0,0.0,0.0,0.0,0.0,0.0,100,0,0
114,514,114,0,0,114,514,114,514,0,4,1,2,3,0,0,-2,0,1,0,19,19,810,0.0,0.0,0.0,0.0,0.0,0.0,100,0,0
114,514,114,0,0,114,514,114,514,0,3,1,2,3,0,0,-2,-1,0,0,19,19,810,0.0,0.0,0.0,0.0,0.0,0.0,100,0,0
114,514,114,0,0,114,514,114,514,0,3,1,2,3,0,0,-2,-2,0,-1,19,19,810,0.0,0.0,0.0,0.0,0.0,0.0,100,0,0
114,514,114,0,0,114,514,114,514,0,3,1,2,3,0,0,-2,-1,-2,-3,19,19,810,0.0,0.0,0.0,0.0,0.0,0.0,100,0,0
114,514,114,0,0,114,514,114,514,0,4,1,2,3,0,0,-2,-1,0,0,19,19,810,0.0,0.0,0.0,0.0,0.0,0.0,100,0,0
114,514,114,0,0,114,514,114,514,0,3,1,2,3,0,0,-2,-1,0,0,19,19,810,0.0,0.0,0.0,0.0,0.0,0.0,100,0,0
114,514,114,0,0,114,514,114,514,0,3,1,2,3,0,0,-2,1,2,0,19,19,810,0.0,0.0,0.0,0.0,0.0,0.0,100,0,0
114,514,114,0,0,114,514,114,514,0,3,1,2,3,0,0,-2,-1,0,0,19,19,810,0.0,0.0,0.0,0.0,0.0,0.0,100,0,0
114,514,114,0,0,114,514,114,514,0,3,1,2,3,0,0,-2,-1,0,0,19,19,810,0.0,0.0,0.0,0.0,0.0,0.0,100,0,0
114,514,114,0,0,114,514,114,514,0,3,1,2,3,0,0,-2,-1,0,0,19,19,810,0.0,0.0,0.0,0.0,0.0,0.0,100,0,0
114,514,114,0,0,114,514,114,514,0,3,1,2,3,0,0,-2,0,0,0,19,19,810,0.0,0.0,0.0,0.0,0.0,0.0,100,0,0
114,514,114,0,0,114,514,114,514,0,4,1,2,3,0,0,-2,-1,0,0,19,19,810,0.0,0.0,0.0,0.0,0.0,0.0,100,0,0
114,514,114,0,0,114,514,114,514,0,4,1,2,3,0,0,-2,-1,0,0,19,19,810,0.0,0.0,0.0,0.0,0.0,0.0,100,0,0
114,514,114,0,0,114,514,114,514,0,4,1,2,3,0,0,-2,-1,0,0,19,19,810,0.0,0.0,0.0,0.0,0.0,0.0,100,0,0
114,514,114,0,0,114,514,114,514,0,4,1,2,3,0,0,-2,-1,0,0,19,19,810,0.0,0.0,0.0,0.0,0.0,0.0,100,0,0
114,514,114,0,0,114,514,114,514,0,3,1,2,3,0,0,-2,-1,0,0,19,19,810,0.0,0.0,0.0,0.0,0.0,0.0,100,0,0
114,514,114,0,0,114,514,114,514,0,4,1,2,3,0,0,-2,-1,0,0,19,19,810,0.0,0.0,0.0,0.0,0.0,0.0,100,0,0
114,514,114,0,0,114,514,114,514,0,4,1,2,3,0,0,-2,-1,0,0,19,19,810,0.0,0.0,0.0,0.0,0.0,0.0,100,0,0
114,514,114,0,0,114,514,114,514,0,3,1,2,3,0,0,-2,-1,0,0,19,19,810,0.0,0.0,0.0,0.0,0.0,0.0,100,0,0
114,514,114,0,0,114,514,114,514,0,3,1,2,3,0,0,-2,-1,0,0,19,19,810,0.0,0.0,0.0,0.0,0.0,0.0,100,0,0
114,514,114,0,0,114,514,114,514,0,4,1,2,3,0,0,-2,-1,0,0,19,19,810,0.0,0.0,0.0,0.0,0.0,0.0,100,0,0
114,514,114,0,0,114,514,114,514,0,3,1,2,3,0,0,-2,-1,-1,0,19,19,810,0.0,0.0,0.0,0.0,0.0,0.0,100,0,0
114,514,114,0,0,114,514,114,514,0,3,1,2,3,0,0,-2,-1,0,0,19,19,810,0.0,0.0,0.0,0.0,0.0,0.0,100,0,0
114,514,114,0,0,114,514,114,514,0,3,1,2,3,0,0,-2,-1,0,0,19,19,810,0.0,0.0,0.0,0.0,0.0,0.0,100,0,0
114,514,114,0,0,114,514,114,514,0,3,1,2,3,0,0,-2,0,-2,-2,19,19,810,0.0,0.0,0.0,0.0,0.0,0.0,100,0,0
114,514,114,0,0,114,514,114,514,0,3,1,2,3,0,0,-2,-1,0,0,19,19,810,0.0,0.0,0.0,0.0,0.0,0.0,100,0,0
114,514,114,0,0,114,514,114,514,0,3,1,2,3,0,0,-2,-1,0,0,19,19,810,0.0,0.0,0.0,0.0,0.0,0.0,100,0,0
114,514,114,0,0,114,514,114,514,0,3,1,2,3,0,1,-3,-17,1,0,19,19,810,0.0,0.0,0.0,0.0,0.0,0.0,100,0,0
114,514,114,0,0,114,514,114,514,0,3,1,2,3,0,0,-2,-1,-1,0,19,19,810,0.0,0.0,0.0,0.0,0.0,0.0,100,0,0
114,514,114,0,0,114,514,114,514,0,3,1,2,3,0,0,-2,-1,-1,0,19,19,810,0.0,0.0,0.0,0.0,0.0,0.0,100,0,0
114,514,114,0,0,114,514,114,514,0,4,1,2,3,0,0,-2,-2,3,4,19,19,810,0.0,0.0,0.0,0.0,0.0,0.0,100,0,0
114,514,114,0,0,114,514,114,514,0,3,1,2,3,0,0,-2,-2,-1,0,19,19,810,0.0,0.0,0.0,0.0,0.0,0.0,100,0,0
114,514,114,0,0,114,514,114,514,0,4,1,2,3,0,0,-2,-1,0,-3,19,19,810,0.0,0.0,0.0,0.0,0.0,0.0,100,0,0
114,514,114,0,0,114,514,114,514,0,4,1,2,3,0,0,-2,-1,1,1,19,19,810,0.0,0.0,0.0,0.0,0.0,0.0,100,0,0
114,514,114,0,0,114,514,114,514,0,3,1,2,3,0,0,-2,-1,0,-1,19,19,810,0.0,0.0,0.0,0.0,0.0,0.0,100,0,0
114,514,114,0,0,114,514,114,514,0,4,1,2,3,0,0,-2,-2,-2,0,19,19,810,0.0,0.0,0.0,0.0,0.0,0.0,100,0,0
114,514,114,0,0,114,514,114,514,0,4,1,2,3,0,0,-2,0,0,0,19,19,810,0.0,0.0,0.0,0.0,0.0,0.0,100,0,0
114,514,114,0,0,114,514,114,514,0,3,1,2,3,0,0,-2,-1,0,-1,19,19,810,0.0,0.0,0.0,0.0,0.0,0.0,100,0,0
114,514,114,0,0,114,514,114,514,0,3,1,2,3,0,0,-2,0,0,-1,19,19,810,0.0,0.0,0.0,0.0,0.0,0.0,100,0,0
114,514,114,0,0,114,514,114,514,0,4,1,2,3,0,0,-2,-1,0,0,19,19,810,0.0,0.0,0.0,0.0,0.0,0.0,100,0,0
114,514,114,0,0,114,514,114,514,0,4,1,2,3,0,0,-2,0,-1,0,19,19,810,0.0,0.0,0.0,0.0,0.0,0.0,100,0,0
114,514,114,0,0,114,514,114,514,0,4,1,2,3,0,0,-2,-1,0,0,19,19,810,0.0,0.0,0.0,0.0,0.0,0.0,100,0,0
114,514,114,0,0,114,514,114,514,0,4,1,2,3,0,0,-2,-1,0,0,19,19,810,0.0,0.0,0.0,0.0,0.0,0.0,100,0,0
114,514,114,0,0,114,514,114,514,0,4,1,2,3,0,0,-2,0,0,0,19,19,810,0.0,0.0,0.0,0.0,0.0,0.0,100,0,0
114,514,114,0,0,114,514,114,514,0,3,1,2,3,0,0,-2,-1,0,0,19,19,810,0.0,0.0,0.0,0.0,0.0,0.0,100,0,0
114,514,114,0,0,114,514,114,514,0,4,1,2,3,0,0,-2,-1,0,0,19,19,810,0.0,0.0,0.0,0.0,0.0,0.0,100,0,0
114,514,114,0,0,114,514,114,514,0,3,1,2,3,0,0,-2,-1,0,0,19,19,810,0.0,0.0,0.0,0.0,0.0,0.0,100,0,0
114,514,114,0,0,114,514,114,514,0,4,1,2,3,0,0,-2,-1,0,0,19,19,810,0.0,0.0,0.0,0.0,0.0,0.0,100,0,0
114,514,114,0,0,114,514,114,514,0,4,1,2,3,0,0,-2,-1,0,0,19,19,810,0.0,0.0,0.0,0.0,0.0,0.0,100,0,0
114,514,114,0,0,114,514,114,514,0,4,1,2,3,0,0,-2,-1,0,0,19,19,810,0.0,0.0,0.0,0.0,0.0,0.0,100,0,0
114,514,114,0,0,114,514,114,514,0,3,1,2,3,0,0,-2,-1,0,-1,19,19,810,0.0,0.0,0.0,0.0,0.0,0.0,100,0,0
114,514,114,0,0,114,514,114,514,0,3,1,2,3,0,0,-2,-1,0,0,19,19,810,0.0,0.0,0.0,0.0,0.0,0.0,100,0,0
114,514,114,0,0,114,514,114,514,0,4,1,2,3,0,0,-2,-1,0,0,19,19,810,0.0,0.0,0.0,0.0,0.0,0.0,100,0,0
114,514,114,0,0,114,514,114,514,0,3,1,2,3,0,0,-2,-1,0,0,19,19,810,0.0,0.0,0.0,0.0,0.0,0.0,100,0,0
114,514,114,0,0,114,514,114,514,0,3,1,2,3,0,0,-2,-1,0,0,19,19,810,0.0,0.0,0.0,0.0,0.0,0.0,100,0,0
114,514,114,0,0,114,514,114,514,0,4,1,2,3,0,0,-2,0,0,0,19,19,810,0.0,0.0,0.0,0.0,0.0,0.0,100,0,0
114,514,114,0,0,114,514,114,514,0,3,1,2,3,0,0,-2,-1,-1,0,19,19,810,0.0,0.0,0.0,0.0,0.0,0.0,100,0,0
114,514,114,0,0,114,514,114,514,0,4,1,2,3,0,0,-2,-1,0,0,19,19,810,0.0,0.0,0.0,0.0,0.0,0.0,100,0,0
114,514,114,0,0,114,514,114,514,0,3,1,2,3,0,0,-2,-1,0,0,19,19,810,0.0,0.0,0.0,0.0,0.0,0.0,100,0,0
114,514,114,0,0,114,514,114,514,0,4,1,2,3,0,0,-2,-1,0,0,19,19,810,0.0,0.0,0.0,0.0,0.0,0.0,100,0,0
114,514,114,0,0,114,514,114,514,0,4,1,2,3,0,0,-2,-1,0,0,19,19,810,0.0,0.0,0.0,0.0,0.0,0.0,100,0,0
114,514,114,0,0,114,514,114,514,0,4,1,2,3,0,0,-2,-1,0,0,19,19,810,0.0,0.0,0.0,0.0,0.0,0.0,100,0,0
114,514,114,0,0,114,514,114,514,0,4,1,2,3,0,0,-2,-1,0,0,19,19,810,0.0,0.0,0.0,0.0,0.0,0.0,100,0,0
114,514,114,0,0,114,514,114,514,0,3,1,2,3,0,0,-2,-1,0,0,19,19,810,0.0,0.0,0.0,0.0,0.0,0.0,100,0,0
114,514,114,0,0,114,514,114,514,0,4,1,2,3,0,0,-2,-1,0,0,19,19,810,0.0,0.0,0.0,0.0,0.0,0.0,100,0,0
114,514,114,0,0,114,514,114,514,0,4,1,2,3,0,0,-2,-1,0,0,19,19,810,0.0,0.0,0.0,0.0,0.0,0.0,100,0,0
114,514,114,0,0,114,514,114,514,0,3,1,2,3,0,0,-2,-1,0,0,19,19,810,0.0,0.0,0.0,0.0,0.0,0.0,100,0,0
114,514,114,0,0,114,514,114,514,0,4,1,2,3,0,0,-2,-1,0,0,19,19,810,0.0,0.0,0.0,0.0,0.0,0.0,100,0,0
114,514,114,0,0,114,514,114,514,0,4,1,2,3,0,0,-2,-1,0,0,19,19,810,0.0,0.0,0.0,0.0,0.0,0.0,100,0,0
114,514,114,0,0,114,514,114,514,0,3,1,2,3,0,0,-2,-1,0,0,19,19,810,0.0,0.0,0.0,0.0,0.0,0.0,100,0,0
114,514,114,0,0,114,514,114,514,0,3,1,2,3,0,0,-2,-1,0,0,19,19,810,0.0,0.0,0.0,0.0,0.0,0.0,100,0,0
114,514,114,0,0,114,514,114,514,0,3,1,2,3,0,0,-2,-1,0,0,19,19,810,0.0,0.0,0.0,0.0,0.0,0.0,100,0,0
114,514,114,0,0,114,514,114,514,0,4,1,2,3,0,0,-2,-1,0,0,19,19,810,0.0,0.0,0.0,0.0,0.0,0.0,100,0,0
114,514,114,0,0,114,514,114,514,0,4,1,2,3,0,0,-2,-1,0,0,19,19,810,0.0,0.0,0.0,0.0,0.0,0.0,100,0,0
114,514,114,0,0,114,514,114,514,0,3,1,2,3,0,0,-2,-1,0,0,19,19,810,0.0,0.0,0.0,0.0,0.0,0.0,100,0,0
114,514,114,0,0,114,514,114,514,0,4,1,2,3,0,0,-2,-1,0,0,19,19,810,0.0,0.0,0.0,0.0,0.0,0.0,100,0,0
114,514,114,0,0,114,514,114,514,0,4,1,2,3,0,0,-2,-1,0,0,19,19,810,0.0,0.0,0.0,0.0,0.0,0.0,100,0,0
114,514,114,0,0,114,514,114,514,0,3,1,2,3,0,0,-2,-1,0,0,19,19,810,0.0,0.0,0.0,0.0,0.0,0.0,100,0,0
114,514,114,0,0,114,514,114,514,0,3,1,2,3,0,0,-2,-1,0,0,19,19,810,0.0,0.0,0.0,0.0,0.0,0.0,100,0,0
114,514,114,0,0,114,514,114,514,0,3,1,2,3,0,0,-2,-1,0,0,19,19,810,0.0,0.0,0.0,0.0,0.0,0.0,100,0,0
114,514,114,0,0,114,514,114,514,0,4,1,2,3,0,0,-2,-1,0,0,19,19,810,0.0,0.0,0.0,0.0,0.0,0.0,100,0,0
114,514,114,0,0,114,514,114,514,0,4,1,2,3,0,0,-2,-1,0,0,19,19,810,0.0,0.0,0.0,0.0,0.0,0.0,100,0,0
114,514,114,0,0,114,514,114,514,0,3,1,2,3,0,0,-2,-1,0,0,19,19,810,0.0,0.0,0.0,0.0,0.0,0.0,100,0,0
114,514,114,0,0,114,514,114,514,0,3,1,2,3,0,0,-2,-1,0,0,19,19,810,0.0,0.0,0.0,0.0,0.0,0.0,100,0,0
114,514,114,0,0,114,514,114,514,0,4,1,2,3,0,0,-2,-1,0,0,19,19,810,0.0,0.0,0.0,0.0,0.0,0.0,100,0,0
114,514,114,0,0,114,514,114,514,0,4,1,2,3,0,0,-2,-1,0,0,19,19,810,0.0,0.0,0.0,0.0,0.0,0.0,100,0,0
114,514,114,0,0,114,514,114,514,0,4,1,2,3,0,0,-2,-1,0,0,19,19,810,0.0,0.0,0.0,0.0,0.0,0.0,100,0,0
114,514,114,0,0,114,514,114,514,0,4,1,2,3,0,0,-2,-1,0,0,19,19,810,0.0,0.0,0.0,0.0,0.0,0.0,100,0,0
114,514,114,0,0,114,514,114,514,0,3,1,2,3,0,0,-2,-1,0,0,19,19,810,0.0,0.0,0.0,0.0,0.0,0.0,100,0,0
114,514,114,0,0,114,514,114,514,0,3,1,2,3,0,0,-2,-1,0,0,19,19,810,0.0,0.0,0.0,0.0,0.0,0.0,100,0,0
114,514,114,0,0,114,514,114,514,0,4,1,2,3,0,0,-2,-1,0,0,19,19,810,0.0,0.0,0.0,0.0,0.0,0.0,100,0,0
114,514,114,0,0,114,514,114,514,0,4,1,2,3,0,0,-2,-1,0,0,19,19,810,0.0,0.0,0.0,0.0,0.0,0.0,100,0,0
114,514,114,0,0,114,514,114,514,0,4,1,2,3,0,0,-2,-1,0,0,19,19,810,0.0,0.0,0.0,0.0,0.0,0.0,100,0,0
114,514,114,0,0,114,514,114,514,0,3,1,2,3,0,0,-2,-1,0,0,19,19,810,0.0,0.0,0.0,0.0,0.0,0.0,100,0,0
114,514,114,0,0,114,514,114,514,0,4,1,2,3,0,0,-2,-1,0,0,19,19,810,0.0,0.0,0.0,0.0,0.0,0.0,100,0,0
114,514,114,0,0,114,514,114,514,0,3,1,2,3,0,0,-2,-1,0,-1,19,19,810,0.0,0.0,0.0,0.0,0.0,0.0,100,0,0
114,514,114,0,0,114,514,114,514,0,3,1,2,3,0,0,-2,-1,0,0,19,19,810,0.0,0.0,0.0,0.0,0.0,0.0,100,0,0
114,514,114,0,0,114,514,114,514,0,4,1,2,3,0,0,-2,-1,0,0,19,19,810,0.0,0.0,0.0,0.0,0.0,0.0,100,0,0
114,514,114,0,0,114,514,114,514,0,4,1,2,3,0,0,-2,-1,0,0,19,19,810,0.0,0.0,0.0,0.0,0.0,0.0,100,0,0
