114,514,114,0,0,114,514,114,514,0,2,19,19,810,0,0,-4,-1,0,0,19,19,810,0.1,0.1,0.1,0.1,0.1,0.1,3500,0,0
114,514,114,0,0,114,514,114,514,0,2,19,19,810,0,0,-4,-1,0,0,19,19,810,0.1,0.1,0.1,0.1,0.1,0.1,3500,0,0
114,514,114,0,0,114,514,114,514,0,2,19,19,810,0,0,-4,-1,0,0,19,19,810,0.1,0.1,0.1,0.1,0.1,0.1,3500,0,0
114,514,114,0,0,114,514,114,514,0,2,19,19,810,0,0,-4,-1,0,0,19,19,810,0.1,0.1,0.1,0.1,0.1,0.1,3500,0,0
114,514,114,0,0,114,514,114,514,0,2,19,19,810,0,0,-4,-1,0,0,19,19,810,0.1,0.1,0.1,0.1,0.1,0.1,3500,0,0
114,514,114,0,0,114,514,114,514,0,2,19,19,810,0,0,-4,-1,0,0,19,19,810,0.1,0.1,0.1,0.1,0.1,0.1,3500,0,0
114,514,114,0,0,114,514,114,514,0,2,19,19,810,0,0,-4,-1,0,0,19,19,810,0.1,0.1,0.1,0.1,0.1,0.1,3500,0,0
114,514,114,0,0,114,514,114,514,0,2,19,19,810,0,0,-4,-1,0,0,19,19,810,0.1,0.1,0.1,0.1,0.1,0.1,3500,0,0
114,514,114,0,0,114,514,114,514,0,2,19,19,810,0,0,-4,-1,0,0,19,19,810,0.1,0.1,0.1,0.1,0.1,0.1,3500,0,0
114,514,114,0,0,114,514,114,514,0,2,19,19,810,0,0,-4,-1,0,0,19,19,810,0.1,0.1,0.1,0.1,0.1,0.1,3500,0,0
114,514,114,0,0,114,514,114,514,0,2,19,19,810,0,0,-4,-1,-1,0,19,19,810,0.1,0.1,0.1,0.1,0.1,0.1,3500,0,0
114,514,114,0,0,114,514,114,514,0,2,19,19,810,0,0,-4,-1,0,0,19,19,810,0.1,0.1,0.1,0.1,0.1,0.1,3500,0,0
114,514,114,0,0,114,514,114,514,0,2,19,19,810,0,0,-4,-1,0,0,19,19,810,0.1,0.1,0.1,0.1,0.1,0.1,3500,0,0
114,514,114,0,0,114,514,114,514,0,2,19,19,810,0,0,-4,-1,0,0,19,19,810,0.1,0.1,0.1,0.1,0.1,0.1,3500,0,0
114,514,114,0,0,114,514,114,514,0,2,19,19,810,0,0,-4,-1,0,0,19,19,810,0.1,0.1,0.1,0.1,0.1,0.1,3500,0,0
114,514,114,0,0,114,514,114,514,0,2,19,19,810,0,0,-4,-1,0,0,19,19,810,0.1,0.1,0.1,0.1,0.1,0.1,3500,0,0
114,514,114,0,0,114,514,114,514,0,2,19,19,810,0,0,-4,-1,-1,0,19,19,810,0.1,0.1,0.1,0.1,0.1,0.1,3500,0,0
114,514,114,0,0,114,514,114,514,0,2,19,19,810,0,0,-4,-1,-1,0,19,19,810,0.1,0.1,0.1,0.1,0.1,0.1,3500,0,0
114,514,114,0,0,114,514,114,514,0,2,19,19,810,0,0,-4,-1,-2,0,19,19,810,0.1,0.1,0.1,0.1,0.1,0.1,3500,0,0
114,514,114,0,0,114,514,114,514,0,2,19,19,810,0,0,-4,-1,-1,0,19,19,810,0.1,0.1,0.1,0.1,0.1,0.1,3500,0,0
114,514,114,0,0,114,514,114,514,0,2,19,19,810,0,0,-4,-1,-1,0,19,19,810,0.1,0.1,0.1,0.1,0.1,0.1,3500,0,0
114,514,114,-30,-21,114,514,114,514,0,2,19,19,810,0,0,-4,-3,7,-4,19,19,810,0.1,0.1,0.1,0.1,0.1,0.1,3500,0,0
114,514,114,-268,-242,114,514,114,514,0,2,19,19,810,0,0,-4,5,-4,-3,19,19,810,0.1,0.1,0.1,0.1,0.1,0.1,3500,0,0
114,514,114,-407,-423,114,514,114,514,0,2,19,19,810,0,0,-4,-6,-15,-11,19,19,810,0.1,0.1,0.1,0.1,0.1,0.1,3500,0,0
114,514,114,-304,-326,114,514,114,514,0,2,19,19,810,0,0,-4,-1,0,-6,19,19,810,0.1,0.1,0.1,0.1,0.1,0.1,3500,0,0
114,514,114,-94,-94,114,514,114,514,0,2,19,19,810,0,0,-4,-5,-5,2,19,19,810,0.1,0.1,0.1,0.1,0.1,0.1,3500,0,0
114,514,114,2,33,114,514,114,514,0,2,19,19,810,0,0,-4,-2,-3,-2,19,19,810,0.1,0.1,0.1,0.1,0.1,0.1,3500,0,0
114,514,114,0,0,114,514,114,514,0,2,19,19,810,0,0,-4,-1,0,0,19,19,810,0.1,0.1,0.1,0.1,0.1,0.1,3500,0,0
114,514,114,0,0,114,514,114,514,0,2,19,19,810,0,0,-4,-1,0,0,19,19,810,0.1,0.1,0.1,0.1,0.1,0.1,3500,0,0
114,514,114,0,0,114,514,114,514,0,2,19,19,810,0,0,-4,-1,0,0,19,19,810,0.1,0.1,0.1,0.1,0.1,0.1,3500,0,0
114,514,114,0,0,114,514,114,514,0,2,19,19,810,0,0,-4,-1,0,0,19,19,810,0.1,0.1,0.1,0.1,0.1,0.1,3500,0,0
114,514,114,0,0,114,514,114,514,0,2,19,19,810,0,0,-4,-1,0,0,19,19,810,0.1,0.1,0.1,0.1,0.1,0.1,3500,0,0
114,514,114,0,0,114,514,114,514,0,2,19,19,810,0,0,-4,-1,0,0,19,19,810,0.1,0.1,0.1,0.1,0.1,0.1,3500,0,0
114,514,114,0,0,114,514,114,514,0,2,19,19,810,0,0,-4,-1,0,0,19,19,810,0.1,0.1,0.1,0.1,0.1,0.1,3500,0,0
114,514,114,0,0,114,514,114,514,0,2,19,19,810,0,0,-4,-1,0,0,19,19,810,0.1,0.1,0.1,0.1,0.1,0.1,3500,0,0
114,514,114,0,0,114,514,114,514,0,2,19,19,810,0,0,-4,-1,0,0,19,19,810,0.1,0.1,0.1,0.1,0.1,0.1,3500,0,0
114,514,114,0,0,114,514,114,514,0,2,19,19,810,0,0,-4,-1,0,0,19,19,810,0.1,0.1,0.1,0.1,0.1,0.1,3500,0,0
114,514,114,0,0,114,514,114,514,0,2,19,19,810,0,0,-4,0,0,0,19,19,810,0.1,0.1,0.1,0.1,0.1,0.1,3500,0,0
114,514,114,0,0,114,514,114,514,0,2,19,19,810,0,0,-4,-1,0,0,19,19,810,0.1,0.1,0.1,0.1,0.1,0.1,3500,0,0
114,514,114,0,0,114,514,114,514,0,2,19,19,810,0,0,-4,-1,0,0,19,19,810,0.1,0.1,0.1,0.1,0.1,0.1,3500,0,0
114,514,114,0,0,114,514,114,514,0,2,19,19,810,0,0,-4,-1,-1,0,19,19,810,0.1,0.1,0.1,0.1,0.1,0.1,3500,0,0
114,514,114,0,0,114,514,114,514,0,2,19,19,810,0,0,-4,-1,0,0,19,19,810,0.1,0.1,0.1,0.1,0.1,0.1,3500,0,0
114,514,114,0,0,114,514,114,514,0,2,19,19,810,0,0,-4,-1,0,0,19,19,810,0.1,0.1,0.1,0.1,0.1,0.1,3500,0,0
114,514,114,41,31,114,514,114,514,0,2,19,19,810,0,0,-4,-2,0,21,19,19,810,0.1,0.1,0.1,0.1,0.1,0.1,3500,0,0
114,514,114,186,198,114,514,114,514,0,2,19,19,810,0,0,-4,-2,0,-3,19,19,810,0.1,0.1,0.1,0.1,0.1,0.1,3500,0,0
114,514,114,198,214,114,514,114,514,0,2,19,19,810,0,0,-4,2,6,4,19,19,810,0.1,0.1,0.1,0.1,0.1,0.1,3500,0,0
114,514,114,203,215,114,514,114,514,0,2,19,19,810,0,0,-4,1,-3,-3,19,19,810,0.1,0.1,0.1,0.1,0.1,0.1,3500,0,0
114,514,114,201,212,114,514,114,514,0,2,19,19,810,0,0,-5,4,0,3,19,19,810,0.1,0.1,0.1,0.1,0.1,0.1,3500,0,0
114,514,114,201,212,114,514,114,514,0,2,19,19,810,0,0,-4,-1,5,-6,19,19,810,0.1,0.1,0.1,0.1,0.1,0.1,3500,0,0
114,514,114,193,211,114,514,114,514,0,2,19,19,810,0,1,-4,-6,-13,5,19,19,810,0.1,0.1,0.1,0.1,0.1,0.1,3500,0,0
114,514,114,199,215,114,514,114,514,0,2,19,19,810,0,0,-4,-5,0,8,19,19,810,0.1,0.1,0.1,0.1,0.1,0.1,3500,0,0
114,514,114,198,208,114,514,114,514,0,2,19,19,810,0,0,-3,0,-2,-10,19,19,810,0.1,0.1,0.1,0.1,0.1,0.1,3500,0,0
114,514,114,200,212,114,514,114,514,0,2,19,19,810,0,1,-4,0,0,0,19,19,810,0.1,0.1,0.1,0.1,0.1,0.1,3500,0,0
114,514,114,190,211,114,514,114,514,0,2,19,19,810,0,0,-4,-5,3,-9,19,19,810,0.1,0.1,0.1,0.1,0.1,0.1,3500,0,0
114,514,114,200,210,114,514,114,514,0,2,19,19,810,0,0,-4,-6,-5,19,19,19,810,0.1,0.1,0.1,0.1,0.1,0.1,3500,0,0
114,514,114,195,208,114,514,114,514,0,2,19,19,810,0,0,-3,0,3,-4,19,19,810,0.1,0.1,0.1,0.1,0.1,0.1,3500,0,0
114,514,114,196,207,114,514,114,514,0,2,19,19,810,0,0,-4,-4,0,-9,19,19,810,0.1,0.1,0.1,0.1,0.1,0.1,3500,0,0
114,514,114,196,213,114,514,114,514,0,2,19,19,810,0,0,-4,6,-10,3,19,19,810,0.1,0.1,0.1,0.1,0.1,0.1,3500,0,0
114,514,114,198,207,114,514,114,514,0,2,19,19,810,0,1,-3,-12,-3,1,19,19,810,0.1,0.1,0.1,0.1,0.1,0.1,3500,0,0
114,514,114,195,211,114,514,114,514,0,2,19,19,810,0,0,-3,-1,-1,-5,19,19,810,0.1,0.1,0.1,0.1,0.1,0.1,3500,0,0
114,514,114,198,208,114,514,114,514,0,2,19,19,810,0,0,-4,0,-8,-11,19,19,810,0.1,0.1,0.1,0.1,0.1,0.1,3500,0,0
114,514,114,196,214,114,514,114,514,0,2,19,19,810,0,0,-4,-8,-2,3,19,19,810,0.1,0.1,0.1,0.1,0.1,0.1,3500,0,0
114,514,114,197,208,114,514,114,514,0,2,19,19,810,0,0,-3,1,0,-2,19,19,810,0.1,0.1,0.1,0.1,0.1,0.1,3500,0,0
114,514,114,193,202,114,514,114,514,0,2,19,19,810,0,0,-5,7,2,3,19,19,810,0.1,0.1,0.1,0.1,0.1,0.1,3500,0,0
114,514,114,197,206,114,514,114,514,0,2,19,19,810,0,0,-4,7,4,-2,19,19,810,0.1,0.1,0.1,0.1,0.1,0.1,3500,0,0
114,514,114,197,217,114,514,114,514,0,2,19,19,810,0,0,-5,2,0,-15,19,19,810,0.1,0.1,0.1,0.1,0.1,0.1,3500,0,0
114,514,114,195,207,114,514,114,514,0,2,19,19,810,0,0,-4,-4,0,9,19,19,810,0.1,0.1,0.1,0.1,0.1,0.1,3500,0,0
114,514,114,193,205,114,514,114,514,0,2,19,19,810,-1,0,0,-31,0,7,19,19,810,0.1,0.1,0.1,0.1,0.1,0.1,3500,0,0
114,514,114,298,318,114,514,114,514,0,2,19,19,810,-1,0,0,-31,0,7,19,19,810,0.1,0.1,0.1,0.1,0.1,0.1,3500,0,0
114,514,114,254,269,114,514,114,514,0,2,19,19,810,-1,0,0,-31,0,7,19,19,810,0.1,0.1,0.1,0.1,0.1,0.1,3500,0,0
114,514,114,249,265,114,514,114,514,0,2,19,19,810,-1,0,0,-31,0,7,19,19,810,0.1,0.1,0.1,0.1,0.1,0.1,3500,0,0
114,514,114,257,277,114,514,114,514,0,2,19,19,810,-1,0,0,-31,0,7,19,19,810,0.1,0.1,0.1,0.1,0.1,0.1,3500,0,0
114,514,114,249,269,114,514,114,514,0,2,19,19,810,-1,0,0,-31,0,7,19,19,810,0.1,0.1,0.1,0.1,0.1,0.1,3500,0,0
114,514,114,247,263,114,514,114,514,0,2,19,19,810,-1,0,0,-31,0,7,19,19,810,0.1,0.1,0.1,0.1,0.1,0.1,3500,0,0
114,514,114,259,275,114,514,114,514,0,2,19,19,810,-1,0,0,-31,0,7,19,19,810,0.1,0.1,0.1,0.1,0.1,0.1,3500,0,0
114,514,114,249,265,114,514,114,514,0,2,19,19,810,-1,0,0,-31,0,7,19,19,810,0.1,0.1,0.1,0.1,0.1,0.1,3500,0,0
114,514,114,247,260,114,514,114,514,0,2,19,19,810,-1,0,0,-31,0,7,19,19,810,0.1,0.1,0.1,0.1,0.1,0.1,3500,0,0
114,514,114,257,272,114,514,114,514,0,2,19,19,810,-1,0,0,-31,0,7,19,19,810,0.1,0.1,0.1,0.1,0.1,0.1,3500,0,0
114,514,114,249,267,114,514,114,514,0,2,19,19,810,-1,0,0,-31,0,7,19,19,810,0.1,0.1,0.1,0.1,0.1,0.1,3500,0,0
114,514,114,258,273,114,514,114,514,0,2,19,19,810,-1,0,0,-31,0,7,19,19,810,0.1,0.1,0.1,0.1,0.1,0.1,3500,0,0
114,514,114,270,271,114,514,114,514,0,2,19,19,810,-1,0,0,-31,0,7,19,19,810,0.1,0.1,0.1,0.1,0.1,0.1,3500,0,0
114,514,114,284,295,114,514,114,514,0,2,19,19,810,-1,0,0,-31,0,7,19,19,810,0.1,0.1,0.1,0.1,0.1,0.1,3500,0,0
114,514,114,179,294,114,514,114,514,0,2,19,19,810,-1,0,0,-31,0,7,19,19,810,0.1,0.1,0.1,0.1,0.1,0.1,3500,0,0
114,514,114,269,294,114,514,114,514,0,2,19,19,810,-1,0,0,-31,0,7,19,19,810,0.1,0.1,0.1,0.1,0.1,0.1,3500,0,0
114,514,114,272,294,114,514,114,514,0,2,19,19,810,-1,0,0,-31,0,7,19,19,810,0.1,0.1,0.1,0.1,0.1,0.1,3500,0,0
