114,514,0,0,0,114,514,114,514,0,0,1,2,3,0,0,-2,-1,0,0,19,19,810,0.0,0.0,0.0,0.0,0.0,0.0,100,0,0
114,514,0,0,0,114,514,114,514,0,0,1,2,3,0,0,-2,-1,0,0,19,19,810,0.0,0.0,0.0,0.0,0.0,0.0,100,0,0
114,514,0,0,0,114,514,114,514,0,0,1,2,3,0,0,-2,-1,0,0,19,19,810,0.0,0.0,0.0,0.0,0.0,0.0,100,0,0
114,514,0,0,0,114,514,114,514,0,0,1,2,3,0,0,-2,-1,0,0,19,19,810,0.0,0.0,0.0,0.0,0.0,0.0,100,0,0
114,514,0,0,0,114,514,114,514,0,0,1,2,3,0,0,-2,-1,0,0,19,19,810,0.0,0.0,0.0,0.0,0.0,0.0,100,0,0
114,514,0,0,0,114,514,114,514,0,0,1,2,3,0,0,-2,-1,0,0,19,19,810,0.0,0.0,0.0,0.0,0.0,0.0,100,0,0
114,514,0,0,0,114,514,114,514,0,0,1,2,3,0,0,-2,-1,0,0,19,19,810,0.0,0.0,0.0,0.0,0.0,0.0,100,0,0
114,514,0,0,0,114,514,114,514,0,0,1,2,3,0,0,-2,-1,0,0,19,19,810,0.0,0.0,0.0,0.0,0.0,0.0,100,0,0
114,514,0,0,0,114,514,114,514,0,0,1,2,3,0,0,-2,-1,0,0,19,19,810,0.0,0.0,0.0,0.0,0.0,0.0,100,0,0
114,514,0,0,0,114,514,114,514,0,0,1,2,3,0,0,-2,-1,0,0,19,19,810,0.0,0.0,0.0,0.0,0.0,0.0,100,0,0
114,514,0,0,0,114,514,114,514,0,0,1,2,3,0,0,-2,-1,0,0,19,19,810,0.0,0.0,0.0,0.0,0.0,0.0,100,0,0
114,514,0,0,0,114,514,114,514,0,0,1,2,3,0,0,-2,-1,0,0,19,19,810,0.0,0.0,0.0,0.0,0.0,0.0,100,0,0
114,514,0,0,0,114,514,114,514,0,0,1,2,3,0,0,-2,-1,0,0,19,19,810,0.0,0.0,0.0,0.0,0.0,0.0,100,0,0
114,514,0,0,0,114,514,114,514,0,0,1,2,3,0,0,-2,-1,0,0,19,19,810,0.0,0.0,0.0,0.0,0.0,0.0,100,0,0
114,514,0,0,0,114,514,114,514,0,0,1,2,3,0,0,-2,-1,0,0,19,19,810,0.0,0.0,0.0,0.0,0.0,0.0,100,0,0
114,514,0,0,0,114,514,114,514,0,0,1,2,3,0,0,-2,-1,0,0,19,19,810,0.0,0.0,0.0,0.0,0.0,0.0,100,0,0
114,514,0,0,0,114,514,114,514,0,0,1,2,3,0,0,-2,-1,0,0,19,19,810,0.0,0.0,0.0,0.0,0.0,0.0,100,0,0
114,514,0,0,0,114,514,114,514,0,0,1,2,3,0,0,-2,-1,0,0,19,19,810,0.0,0.0,0.0,0.0,0.0,0.0,100,0,0
114,514,0,0,0,114,514,114,514,0,0,1,2,3,0,0,-2,-1,0,0,19,19,810,0.0,0.0,0.0,0.0,0.0,0.0,100,0,0
114,514,0,0,0,114,514,114,514,0,0,1,2,3,0,0,-2,-1,0,0,19,19,810,0.0,0.0,0.0,0.0,0.0,0.0,100,0,0
114,514,0,0,0,114,514,114,514,0,0,1,2,3,0,0,-2,-1,0,0,19,19,810,0.0,0.0,0.0,0.0,0.0,0.0,100,0,0
114,514,0,0,0,114,514,114,514,0,0,1,2,3,0,0,-2,-1,0,0,19,19,810,0.0,0.0,0.0,0.0,0.0,0.0,100,0,0
114,514,0,0,0,114,514,114,514,0,0,1,2,3,0,0,-2,-1,0,0,19,19,810,0.0,0.0,0.0,0.0,0.0,0.0,100,0,0
114,514,0,0,0,114,514,114,514,0,0,1,2,3,0,0,-2,-1,0,0,19,19,810,0.0,0.0,0.0,0.0,0.0,0.0,100,0,0
114,514,0,0,0,114,514,114,514,0,0,1,2,3,0,0,-2,-1,0,0,19,19,810,0.0,0.0,0.0,0.0,0.0,0.0,100,0,0
114,514,0,0,0,114,514,114,514,0,0,1,2,3,0,0,-2,-1,0,0,19,19,810,0.0,0.0,0.0,0.0,0.0,0.0,100,0,0
114,514,0,0,0,114,514,114,514,0,0,1,2,3,0,0,-2,-1,0,0,19,19,810,0.0,0.0,0.0,0.0,0.0,0.0,100,0,0
114,514,0,0,0,114,514,114,514,0,0,1,2,3,0,0,-2,-1,0,0,19,19,810,0.0,0.0,0.0,0.0,0.0,0.0,100,0,0
114,514,0,0,0,114,514,114,514,0,0,1,2,3,0,0,-2,-1,0,0,19,19,810,0.0,0.0,0.0,0.0,0.0,0.0,100,0,0
114,514,0,0,0,114,514,114,514,0,0,1,2,3,0,0,-2,-1,0,0,19,19,810,0.0,0.0,0.0,0.0,0.0,0.0,100,0,0
114,514,0,0,0,114,514,114,514,0,0,1,2,3,0,0,-2,-1,0,0,19,19,810,0.0,0.0,0.0,0.0,0.0,0.0,100,0,0
114,514,0,0,0,114,514,114,514,0,0,1,2,3,0,0,-2,-1,0,0,19,19,810,0.0,0.0,0.0,0.0,0.0,0.0,100,0,0
114,514,0,0,0,114,514,114,514,0,0,1,2,3,0,0,-2,1,-4,3,19,19,810,0.0,0.0,0.0,0.0,0.0,0.0,100,0,0
114,514,0,-11,0,114,514,114,514,0,0,1,2,3,0,0,-2,-4,11,-25,19,19,810,0.0,0.0,0.0,0.0,0.0,0.0,100,0,0
114,514,0,-64,0,114,514,114,514,0,0,1,2,3,0,0,-2,3,3,-3,19,19,810,0.0,0.0,0.0,0.0,0.0,0.0,100,0,0
114,514,0,-94,0,114,514,114,514,0,0,1,2,3,0,0,-2,25,13,-17,19,19,810,0.0,0.0,0.0,0.0,0.0,0.0,100,0,0
114,514,0,-37,0,114,514,114,514,0,0,1,2,3,0,0,-2,-2,4,-10,19,19,810,0.0,0.0,0.0,0.0,0.0,0.0,100,0,0
114,514,0,-62,0,114,514,114,514,0,0,1,2,3,0,0,-2,5,-10,-11,19,19,810,0.0,0.0,0.0,0.0,0.0,0.0,100,0,0
114,514,0,-69,0,114,514,114,514,0,0,1,2,3,0,0,-2,-14,-2,1,19,19,810,0.0,0.0,0.0,0.0,0.0,0.0,100,0,0
114,514,0,-92,0,114,514,114,514,0,0,1,2,3,0,0,-2,0,2,1,19,19,810,0.0,0.0,0.0,0.0,0.0,0.0,100,0,0
114,514,0,-81,0,114,514,114,514,0,0,1,2,3,0,0,-2,-1,-7,0,19,19,810,0.0,0.0,0.0,0.0,0.0,0.0,100,0,0
114,514,0,-57,0,114,514,114,514,0,0,1,2,3,0,0,-2,0,2,-6,19,19,810,0.0,0.0,0.0,0.0,0.0,0.0,100,0,0
114,514,0,-1,0,114,514,114,514,0,0,1,2,3,1,0,-2,-3,-15,39,19,19,810,0.0,0.0,0.0,0.0,0.0,0.0,100,0,0
114,514,0,-73,0,114,514,114,514,0,0,1,2,3,0,1,-2,0,5,9,19,19,810,0.0,0.0,0.0,0.0,0.0,0.0,100,0,0
114,514,0,-125,0,114,514,114,514,0,0,1,2,3,0,0,-2,-5,0,8,19,19,810,0.0,0.0,0.0,0.0,0.0,0.0,100,0,0
114,514,0,-64,0,114,514,114,514,0,0,1,2,3,0,0,-2,-1,-2,-6,19,19,810,0.0,0.0,0.0,0.0,0.0,0.0,100,0,0
114,514,0,24,0,114,514,114,514,0,0,1,2,3,0,0,-2,-5,0,-8,19,19,810,0.0,0.0,0.0,0.0,0.0,0.0,100,0,0
114,514,0,102,0,114,514,114,514,0,0,1,2,3,0,0,-2,0,3,4,19,19,810,0.0,0.0,0.0,0.0,0.0,0.0,100,0,0
114,514,0,130,0,114,514,114,514,0,0,1,2,3,0,0,-2,2,-3,-5,19,19,810,0.0,0.0,0.0,0.0,0.0,0.0,100,0,0
114,514,0,98,0,114,514,114,514,0,0,1,2,3,0,0,-2,0,5,-2,19,19,810,0.0,0.0,0.0,0.0,0.0,0.0,100,0,0
114,514,0,8,0,114,514,114,514,0,0,1,2,3,0,0,-2,-1,-6,7,19,19,810,0.0,0.0,0.0,0.0,0.0,0.0,100,0,0
114,514,0,1,0,114,514,114,514,0,0,1,2,3,0,0,-2,-5,-18,39,19,19,810,0.0,0.0,0.0,0.0,0.0,0.0,100,0,0
114,514,0,95,0,114,514,114,514,0,0,1,2,3,0,0,-2,-1,7,2,19,19,810,0.0,0.0,0.0,0.0,0.0,0.0,100,0,0
114,514,0,122,0,114,514,114,514,0,0,1,2,3,0,1,-2,6,12,-25,19,19,810,0.0,0.0,0.0,0.0,0.0,0.0,100,0,0
114,514,0,88,0,114,514,114,514,0,0,1,2,3,0,0,-2,-2,-3,11,19,19,810,0.0,0.0,0.0,0.0,0.0,0.0,100,0,0
114,514,0,8,0,114,514,114,514,0,0,1,2,3,0,0,-2,-1,-2,-2,19,19,810,0.0,0.0,0.0,0.0,0.0,0.0,100,0,0
114,514,0,-32,0,114,514,114,514,0,0,1,2,3,0,0,-2,-3,2,-7,19,19,810,0.0,0.0,0.0,0.0,0.0,0.0,100,0,0
114,514,0,-132,0,114,514,114,514,0,0,1,2,3,0,0,-2,5,0,13,19,19,810,0.0,0.0,0.0,0.0,0.0,0.0,100,0,0
114,514,0,-110,0,114,514,114,514,0,0,1,2,3,0,0,-2,-2,-9,2,19,19,810,0.0,0.0,0.0,0.0,0.0,0.0,100,0,0
114,514,0,-14,0,114,514,114,514,0,0,1,2,3,0,0,-2,2,-6,5,19,19,810,0.0,0.0,0.0,0.0,0.0,0.0,100,0,0
114,514,0,-74,0,114,514,114,514,0,0,1,2,3,0,0,-2,-11,14,7,19,19,810,0.0,0.0,0.0,0.0,0.0,0.0,100,0,0
114,514,0,-149,0,114,514,114,514,0,0,1,2,3,0,0,-2,-1,4,8,19,19,810,0.0,0.0,0.0,0.0,0.0,0.0,100,0,0
114,514,0,-116,0,114,514,114,514,0,0,1,2,3,0,0,-2,-4,-11,-6,19,19,810,0.0,0.0,0.0,0.0,0.0,0.0,100,0,0
114,514,0,48,0,114,514,114,514,0,0,1,2,3,0,0,-2,0,-12,10,19,19,810,0.0,0.0,0.0,0.0,0.0,0.0,100,0,0
114,514,0,138,0,114,514,114,514,0,0,1,2,3,0,0,-3,-3,-2,4,19,19,810,0.0,0.0,0.0,0.0,0.0,0.0,100,0,0
114,514,0,170,0,114,514,114,514,0,0,1,2,3,0,0,-2,2,1,7,19,19,810,0.0,0.0,0.0,0.0,0.0,0.0,100,0,0
114,514,0,109,0,114,514,114,514,0,0,1,2,3,0,0,-2,-4,4,-19,19,19,810,0.0,0.0,0.0,0.0,0.0,0.0,100,0,0
114,514,0,-9,0,114,514,114,514,0,0,1,2,3,0,0,-2,0,9,-15,19,19,810,0.0,0.0,0.0,0.0,0.0,0.0,100,0,0
114,514,0,-114,0,114,514,114,514,0,0,1,2,3,0,0,-2,-12,9,-6,19,19,810,0.0,0.0,0.0,0.0,0.0,0.0,100,0,0
114,514,0,-139,0,114,514,114,514,0,0,1,2,3,0,0,-2,-3,-2,-19,19,19,810,0.0,0.0,0.0,0.0,0.0,0.0,100,0,0
114,514,0,-26,0,114,514,114,514,0,0,1,2,3,0,0,-2,0,-2,-1,19,19,810,0.0,0.0,0.0,0.0,0.0,0.0,100,0,0
114,514,0,0,0,114,514,114,514,0,0,1,2,3,0,0,-2,1,-1,-6,19,19,810,0.0,0.0,0.0,0.0,0.0,0.0,100,0,0
114,514,0,8,0,114,514,114,514,0,0,1,2,3,0,0,-2,4,-5,-12,19,19,810,0.0,0.0,0.0,0.0,0.0,0.0,100,0,0
114,514,0,39,0,114,514,114,514,0,0,1,2,3,0,0,-2,-6,-2,23,19,19,810,0.0,0.0,0.0,0.0,0.0,0.0,100,0,0
114,514,0,51,0,114,514,114,514,0,0,1,2,3,0,0,-2,-2,3,18,19,19,810,0.0,0.0,0.0,0.0,0.0,0.0,100,0,0
114,514,0,16,0,114,514,114,514,0,0,1,2,3,0,0,-2,-4,2,-4,19,19,810,0.0,0.0,0.0,0.0,0.0,0.0,100,0,0
114,514,0,105,0,114,514,114,514,0,0,1,2,3,0,0,-2,6,1,-12,19,19,810,0.0,0.0,0.0,0.0,0.0,0.0,100,0,0
114,514,0,123,0,114,514,114,514,0,0,1,2,3,0,0,-2,-4,1,11,19,19,810,0.0,0.0,0.0,0.0,0.0,0.0,100,0,0
114,514,0,41,0,114,514,114,514,0,0,1,2,3,0,0,-2,-2,3,1,19,19,810,0.0,0.0,0.0,0.0,0.0,0.0,100,0,0
114,514,0,-23,0,114,514,114,514,0,0,1,2,3,0,0,-2,2,1,-15,19,19,810,0.0,0.0,0.0,0.0,0.0,0.0,100,0,0
114,514,0,-126,0,114,514,114,514,0,0,1,2,3,0,0,-2,-4,5,-19,19,19,810,0.0,0.0,0.0,0.0,0.0,0.0,100,0,0
114,514,0,-140,0,114,514,114,514,0,0,1,2,3,0,0,-2,-4,2,-1,19,19,810,0.0,0.0,0.0,0.0,0.0,0.0,100,0,0
114,514,0,-42,0,114,514,114,514,0,0,1,2,3,0,0,-2,1,3,-17,19,19,810,0.0,0.0,0.0,0.0,0.0,0.0,100,0,0
114,514,0,-10,0,114,514,114,514,0,0,1,2,3,0,0,-2,4,-5,-3,19,19,810,0.0,0.0,0.0,0.0,0.0,0.0,100,0,0
114,514,0,-83,0,114,514,114,514,0,0,1,2,3,0,0,-2,8,-4,13,19,19,810,0.0,0.0,0.0,0.0,0.0,0.0,100,0,0
114,514,0,-133,0,114,514,114,514,0,0,1,2,3,0,0,-2,0,2,-11,19,19,810,0.0,0.0,0.0,0.0,0.0,0.0,100,0,0
114,514,0,-52,0,114,514,114,514,0,0,1,2,3,0,1,-2,2,6,-1,19,19,810,0.0,0.0,0.0,0.0,0.0,0.0,100,0,0
114,514,0,102,0,114,514,114,514,0,0,1,2,3,0,1,-2,-6,-7,8,19,19,810,0.0,0.0,0.0,0.0,0.0,0.0,100,0,0
114,514,0,178,0,114,514,114,514,0,0,1,2,3,0,1,-2,-11,4,-7,19,19,810,0.0,0.0,0.0,0.0,0.0,0.0,100,0,0
114,514,0,121,0,114,514,114,514,0,0,1,2,3,0,0,-2,0,-3,-8,19,19,810,0.0,0.0,0.0,0.0,0.0,0.0,100,0,0
114,514,0,18,0,114,514,114,514,0,0,1,2,3,0,0,-2,-2,-3,1,19,19,810,0.0,0.0,0.0,0.0,0.0,0.0,100,0,0
114,514,0,40,0,114,514,114,514,0,0,1,2,3,0,0,-2,-7,-7,-1,19,19,810,0.0,0.0,0.0,0.0,0.0,0.0,100,0,0
114,514,0,154,0,114,514,114,514,0,0,1,2,3,0,0,-2,2,13,5,19,19,810,0.0,0.0,0.0,0.0,0.0,0.0,100,0,0
114,514,0,118,0,114,514,114,514,0,0,1,2,3,0,0,-2,2,-2,0,19,19,810,0.0,0.0,0.0,0.0,0.0,0.0,100,0,0
114,514,0,5,0,114,514,114,514,0,0,1,2,3,0,0,-2,2,-11,12,19,19,810,0.0,0.0,0.0,0.0,0.0,0.0,100,0,0
114,514,0,-117,0,114,514,114,514,0,0,1,2,3,1,0,-2,-2,-7,-1,19,19,810,0.0,0.0,0.0,0.0,0.0,0.0,100,0,0
114,514,0,-198,0,114,514,114,514,0,0,1,2,3,0,0,-2,0,2,-5,19,19,810,0.0,0.0,0.0,0.0,0.0,0.0,100,0,0
114,514,0,-88,0,114,514,114,514,0,0,1,2,3,0,0,-2,0,-2,2,19,19,810,0.0,0.0,0.0,0.0,0.0,0.0,100,0,0
114,514,0,-8,0,114,514,114,514,0,0,1,2,3,0,0,-2,-2,-1,0,19,19,810,0.0,0.0,0.0,0.0,0.0,0.0,100,0,0
114,514,0,0,0,114,514,114,514,0,0,1,2,3,0,0,-2,-1,0,0,19,19,810,0.0,0.0,0.0,0.0,0.0,0.0,100,0,0
114,514,0,0,0,114,514,114,514,0,0,1,2,3,0,0,-2,-1,0,0,19,19,810,0.0,0.0,0.0,0.0,0.0,0.0,100,0,0
114,514,0,0,0,114,514,114,514,0,0,1,2,3,0,0,-2,-1,0,0,19,19,810,0.0,0.0,0.0,0.0,0.0,0.0,100,0,0
114,514,0,0,0,114,514,114,514,0,0,1,2,3,0,0,-2,-1,0,0,19,19,810,0.0,0.0,0.0,0.0,0.0,0.0,100,0,0
114,514,0,0,0,114,514,114,514,0,0,1,2,3,0,0,-2,-1,0,0,19,19,810,0.0,0.0,0.0,0.0,0.0,0.0,100,0,0
114,514,0,0,0,114,514,114,514,0,0,1,2,3,0,0,-2,-1,0,0,19,19,810,0.0,0.0,0.0,0.0,0.0,0.0,100,0,0
114,514,0,0,0,114,514,114,514,0,0,1,2,3,0,0,-2,-1,0,0,19,19,810,0.0,0.0,0.0,0.0,0.0,0.0,100,0,0
114,514,0,0,0,114,514,114,514,0,0,1,2,3,0,0,-2,-1,0,0,19,19,810,0.0,0.0,0.0,0.0,0.0,0.0,100,0,0
114,514,0,0,0,114,514,114,514,0,0,1,2,3,0,0,-2,-1,0,0,19,19,810,0.0,0.0,0.0,0.0,0.0,0.0,100,0,0
114,514,0,0,0,114,514,114,514,0,0,1,2,3,0,0,-2,-1,0,0,19,19,810,0.0,0.0,0.0,0.0,0.0,0.0,100,0,0
114,514,0,0,0,114,514,114,514,0,0,1,2,3,0,0,-2,-1,0,0,19,19,810,0.0,0.0,0.0,0.0,0.0,0.0,100,0,0
114,514,0,0,0,114,514,114,514,0,0,1,2,3,0,0,-2,-1,0,0,19,19,810,0.0,0.0,0.0,0.0,0.0,0.0,100,0,0
114,514,0,0,0,114,514,114,514,0,0,1,2,3,0,0,-2,-1,0,0,19,19,810,0.0,0.0,0.0,0.0,0.0,0.0,100,0,0
114,514,0,0,0,114,514,114,514,0,0,1,2,3,0,0,-2,-1,0,0,19,19,810,0.0,0.0,0.0,0.0,0.0,0.0,100,0,0
114,514,0,0,0,114,514,114,514,0,0,1,2,3,0,0,-2,-1,0,0,19,19,810,0.0,0.0,0.0,0.0,0.0,0.0,100,0,0
114,514,0,0,0,114,514,114,514,0,0,1,2,3,0,0,-2,-1,0,0,19,19,810,0.0,0.0,0.0,0.0,0.0,0.0,100,0,0
114,514,0,0,0,114,514,114,514,0,0,1,2,3,0,0,-2,-1,0,0,19,19,810,0.0,0.0,0.0,0.0,0.0,0.0,100,0,0
114,514,0,0,0,114,514,114,514,0,0,1,2,3,0,0,-2,-1,0,0,19,19,810,0.0,0.0,0.0,0.0,0.0,0.0,100,0,0
114,514,0,0,0,114,514,114,514,0,0,1,2,3,0,0,-2,-1,0,0,19,19,810,0.0,0.0,0.0,0.0,0.0,0.0,100,0,0
114,514,0,0,0,114,514,114,514,0,0,1,2,3,0,0,-2,-1,0,0,19,19,810,0.0,0.0,0.0,0.0,0.0,0.0,100,0,0
114,514,0,0,0,114,514,114,514,0,0,1,2,3,0,0,-2,-1,0,0,19,19,810,0.0,0.0,0.0,0.0,0.0,0.0,100,0,0
114,514,0,3,0,114,514,114,514,0,0,1,2,3,0,0,-2,0,-6,-31,19,19,810,0.0,0.0,0.0,0.0,0.0,0.0,100,0,0
114,514,0,101,0,114,514,114,514,0,0,1,2,3,0,0,-3,-2,-3,18,19,19,810,0.0,0.0,0.0,0.0,0.0,0.0,100,0,0
114,514,0,129,0,114,514,114,514,0,0,1,2,3,0,0,-2,1,1,1,19,19,810,0.0,0.0,0.0,0.0,0.0,0.0,100,0,0
114,514,0,29,0,114,514,114,514,0,0,1,2,3,0,0,-2,-1,-1,2,19,19,810,0.0,0.0,0.0,0.0,0.0,0.0,100,0,0
114,514,0,9,0,114,514,114,514,0,0,1,2,3,0,0,-2,-3,0,9,19,19,810,0.0,0.0,0.0,0.0,0.0,0.0,100,0,0
114,514,0,101,0,114,514,114,514,0,0,1,2,3,0,0,-2,3,-8,-2,19,19,810,0.0,0.0,0.0,0.0,0.0,0.0,100,0,0
114,514,0,146,0,114,514,114,514,0,0,1,2,3,0,0,-2,2,-8,0,19,19,810,0.0,0.0,0.0,0.0,0.0,0.0,100,0,0
114,514,0,46,0,114,514,114,514,0,0,1,2,3,0,0,-2,-1,-3,7,19,19,810,0.0,0.0,0.0,0.0,0.0,0.0,100,0,0
114,514,0,0,0,114,514,114,514,0,0,1,2,3,0,0,-2,0,0,-2,19,19,810,0.0,0.0,0.0,0.0,0.0,0.0,100,0,0
114,514,0,-1,0,114,514,114,514,0,0,1,2,3,0,0,-2,0,0,-2,19,19,810,0.0,0.0,0.0,0.0,0.0,0.0,100,0,0
114,514,0,-19,0,114,514,114,514,0,0,1,2,3,0,0,-2,6,-2,-12,19,19,810,0.0,0.0,0.0,0.0,0.0,0.0,100,0,0
114,514,0,-164,0,114,514,114,514,0,0,1,2,3,0,1,-3,-21,0,-1,19,19,810,0.0,0.0,0.0,0.0,0.0,0.0,100,0,0
114,514,0,-171,0,114,514,114,514,0,0,1,2,3,0,0,-2,0,-4,7,19,19,810,0.0,0.0,0.0,0.0,0.0,0.0,100,0,0
114,514,0,-54,0,114,514,114,514,0,0,1,2,3,0,0,-2,0,1,3,19,19,810,0.0,0.0,0.0,0.0,0.0,0.0,100,0,0
114,514,0,-3,0,114,514,114,514,0,0,1,2,3,0,0,-2,-4,-2,-2,19,19,810,0.0,0.0,0.0,0.0,0.0,0.0,100,0,0
114,514,0,-121,0,114,514,114,514,0,0,1,2,3,0,0,-2,0,-7,-14,19,19,810,0.0,0.0,0.0,0.0,0.0,0.0,100,0,0
114,514,0,-242,0,114,514,114,514,0,0,1,2,3,0,1,-2,-12,-1,0,19,19,810,0.0,0.0,0.0,0.0,0.0,0.0,100,0,0
114,514,0,-131,0,114,514,114,514,0,0,1,2,3,0,0,-2,0,-2,-4,19,19,810,0.0,0.0,0.0,0.0,0.0,0.0,100,0,0
114,514,0,-38,0,114,514,114,514,0,0,1,2,3,0,0,-2,-2,0,-9,19,19,810,0.0,0.0,0.0,0.0,0.0,0.0,100,0,0
114,514,0,0,0,114,514,114,514,0,0,1,2,3,0,0,-2,-1,-1,-5,19,19,810,0.0,0.0,0.0,0.0,0.0,0.0,100,0,0
114,514,0,0,0,114,514,114,514,0,0,1,2,3,0,0,-2,-2,-1,-13,19,19,810,0.0,0.0,0.0,0.0,0.0,0.0,100,0,0
114,514,0,59,0,114,514,114,514,0,0,1,2,3,0,0,-2,-4,4,-23,19,19,810,0.0,0.0,0.0,0.0,0.0,0.0,100,0,0
114,514,0,279,0,114,514,114,514,0,0,1,2,3,0,0,-3,19,-8,18,19,19,810,0.0,0.0,0.0,0.0,0.0,0.0,100,0,0
114,514,0,241,0,114,514,114,514,0,0,1,2,3,0,0,-2,0,2,12,19,19,810,0.0,0.0,0.0,0.0,0.0,0.0,100,0,0
114,514,0,120,0,114,514,114,514,0,0,1,2,3,0,0,-2,0,-3,3,19,19,810,0.0,0.0,0.0,0.0,0.0,0.0,100,0,0
114,514,0,35,0,114,514,114,514,0,0,1,2,3,0,0,-2,0,6,-4,19,19,810,0.0,0.0,0.0,0.0,0.0,0.0,100,0,0
114,514,0,96,0,114,514,114,514,0,0,1,2,3,0,0,-2,0,5,10,19,19,810,0.0,0.0,0.0,0.0,0.0,0.0,100,0,0
114,514,0,129,0,114,514,114,514,0,0,1,2,3,0,0,-2,-1,-3,6,19,19,810,0.0,0.0,0.0,0.0,0.0,0.0,100,0,0
114,514,0,35,0,114,514,114,514,0,0,1,2,3,0,0,-2,0,0,2,19,19,810,0.0,0.0,0.0,0.0,0.0,0.0,100,0,0
114,514,0,0,0,114,514,114,514,0,0,1,2,3,0,0,-2,0,0,0,19,19,810,0.0,0.0,0.0,0.0,0.0,0.0,100,0,0
114,514,0,0,0,114,514,114,514,0,0,1,2,3,0,0,-2,-1,0,0,19,19,810,0.0,0.0,0.0,0.0,0.0,0.0,100,0,0
114,514,0,-1,0,114,514,114,514,0,0,1,2,3,0,0,-2,-1,0,0,19,19,810,0.0,0.0,0.0,0.0,0.0,0.0,100,0,0
114,514,0,0,0,114,514,114,514,0,0,1,2,3,0,0,-2,-1,0,0,19,19,810,0.0,0.0,0.0,0.0,0.0,0.0,100,0,0
114,514,0,0,0,114,514,114,514,0,0,1,2,3,0,0,-2,-1,0,0,19,19,810,0.0,0.0,0.0,0.0,0.0,0.0,100,0,0
114,514,0,0,0,114,514,114,514,0,0,1,2,3,0,0,-2,-1,0,0,19,19,810,0.0,0.0,0.0,0.0,0.0,0.0,100,0,0
114,514,0,0,0,114,514,114,514,0,0,1,2,3,0,0,-2,-1,0,0,19,19,810,0.0,0.0,0.0,0.0,0.0,0.0,100,0,0
114,514,0,0,0,114,514,114,514,0,0,1,2,3,0,0,-2,-1,0,0,19,19,810,0.0,0.0,0.0,0.0,0.0,0.0,100,0,0
114,514,0,0,0,114,514,114,514,0,0,1,2,3,0,0,-2,-1,0,0,19,19,810,0.0,0.0,0.0,0.0,0.0,0.0,100,0,0
114,514,0,0,0,114,514,114,514,0,0,1,2,3,0,0,-2,-1,0,0,19,19,810,0.0,0.0,0.0,0.0,0.0,0.0,100,0,0
114,514,0,0,0,114,514,114,514,0,0,1,2,3,0,0,-2,-1,0,0,19,19,810,0.0,0.0,0.0,0.0,0.0,0.0,100,0,0
114,514,0,0,0,114,514,114,514,0,0,1,2,3,0,0,-2,-1,0,0,19,19,810,0.0,0.0,0.0,0.0,0.0,0.0,100,0,0
114,514,0,0,0,114,514,114,514,0,0,1,2,3,0,0,-2,-1,0,0,19,19,810,0.0,0.0,0.0,0.0,0.0,0.0,100,0,0
114,514,0,0,0,114,514,114,514,0,0,1,2,3,0,0,-2,-1,0,0,19,19,810,0.0,0.0,0.0,0.0,0.0,0.0,100,0,0
114,514,0,0,0,114,514,114,514,0,0,1,2,3,0,0,-2,-1,0,0,19,19,810,0.0,0.0,0.0,0.0,0.0,0.0,100,0,0
114,514,0,0,0,114,514,114,514,0,0,1,2,3,0,0,-2,-1,0,0,19,19,810,0.0,0.0,0.0,0.0,0.0,0.0,100,0,0
114,514,0,0,0,114,514,114,514,0,0,1,2,3,0,0,-2,-1,0,0,19,19,810,0.0,0.0,0.0,0.0,0.0,0.0,100,0,0
114,514,0,0,0,114,514,114,514,0,0,1,2,3,0,0,-2,-1,0,0,19,19,810,0.0,0.0,0.0,0.0,0.0,0.0,100,0,0
114,514,0,0,0,114,514,114,514,0,0,1,2,3,0,0,-2,-1,0,0,19,19,810,0.0,0.0,0.0,0.0,0.0,0.0,100,0,0
114,514,0,0,0,114,514,114,514,0,0,1,2,3,0,0,-2,-1,0,0,19,19,810,0.0,0.0,0.0,0.0,0.0,0.0,100,0,0
114,514,0,0,0,114,514,114,514,0,0,1,2,3,0,0,-2,-1,0,0,19,19,810,0.0,0.0,0.0,0.0,0.0,0.0,100,0,0
114,514,0,0,0,114,514,114,514,0,0,1,2,3,0,0,-2,-1,0,0,19,19,810,0.0,0.0,0.0,0.0,0.0,0.0,100,0,0
114,514,0,0,0,114,514,114,514,0,0,1,2,3,0,0,-2,-1,0,0,19,19,810,0.0,0.0,0.0,0.0,0.0,0.0,100,0,0
114,514,0,0,0,114,514,114,514,0,0,1,2,3,0,0,-2,-1,0,0,19,19,810,0.0,0.0,0.0,0.0,0.0,0.0,100,0,0
114,514,0,11,0,114,514,114,514,0,0,1,2,3,0,0,-2,-3,-5,1,19,19,810,0.0,0.0,0.0,0.0,0.0,0.0,100,0,0
114,514,0,-36,0,114,514,114,514,0,0,1,2,3,0,0,-2,3,-1,-16,19,19,810,0.0,0.0,0.0,0.0,0.0,0.0,100,0,0
114,514,0,-117,0,114,514,114,514,0,0,1,2,3,0,0,-3,5,0,-37,19,19,810,0.0,0.0,0.0,0.0,0.0,0.0,100,0,0
114,514,0,-120,0,114,514,114,514,0,0,1,2,3,0,0,-2,-4,-3,0,19,19,810,0.0,0.0,0.0,0.0,0.0,0.0,100,0,0
114,514,0,-38,0,114,514,114,514,0,0,1,2,3,0,0,-2,-1,5,-3,19,19,810,0.0,0.0,0.0,0.0,0.0,0.0,100,0,0
114,514,0,12,0,114,514,114,514,0,0,1,2,3,0,0,-2,2,-7,-11,19,19,810,0.0,0.0,0.0,0.0,0.0,0.0,100,0,0
114,514,0,0,0,114,514,114,514,0,0,1,2,3,0,0,-2,-2,0,1,19,19,810,0.0,0.0,0.0,0.0,0.0,0.0,100,0,0
114,514,0,-23,0,114,514,114,514,0,0,1,2,3,0,0,-2,-10,7,13,19,19,810,0.0,0.0,0.0,0.0,0.0,0.0,100,0,0
114,514,0,-85,0,114,514,114,514,0,0,1,2,3,0,0,-3,2,0,-10,19,19,810,0.0,0.0,0.0,0.0,0.0,0.0,100,0,0
114,514,0,-98,0,114,514,114,514,0,0,1,2,3,0,0,-2,0,-5,-1,19,19,810,0.0,0.0,0.0,0.0,0.0,0.0,100,0,0
114,514,0,-59,0,114,514,114,514,0,0,1,2,3,0,0,-2,0,-4,12,19,19,810,0.0,0.0,0.0,0.0,0.0,0.0,100,0,0
114,514,0,-1,0,114,514,114,514,0,0,1,2,3,0,0,-2,-1,0,-1,19,19,810,0.0,0.0,0.0,0.0,0.0,0.0,100,0,0
114,514,0,0,0,114,514,114,514,0,0,1,2,3,0,0,-2,1,-1,-2,19,19,810,0.0,0.0,0.0,0.0,0.0,0.0,100,0,0
114,514,0,-5,0,114,514,114,514,0,0,1,2,3,0,0,-2,-2,-1,-2,19,19,810,0.0,0.0,0.0,0.0,0.0,0.0,100,0,0
114,514,0,-67,0,114,514,114,514,0,0,1,2,3,0,0,-3,0,-5,-3,19,19,810,0.0,0.0,0.0,0.0,0.0,0.0,100,0,0
114,514,0,-100,0,114,514,114,514,0,0,1,2,3,0,0,-2,-6,-2,-11,19,19,810,0.0,0.0,0.0,0.0,0.0,0.0,100,0,0
114,514,0,-135,0,114,514,114,514,0,0,1,2,3,0,0,-2,-3,11,-10,19,19,810,0.0,0.0,0.0,0.0,0.0,0.0,100,0,0
114,514,0,-88,0,114,514,114,514,0,0,1,2,3,0,0,-2,0,-5,14,19,19,810,0.0,0.0,0.0,0.0,0.0,0.0,100,0,0
114,514,0,-5,0,114,514,114,514,0,0,1,2,3,0,0,-2,-3,-1,12,19,19,810,0.0,0.0,0.0,0.0,0.0,0.0,100,0,0
114,514,0,4,0,114,514,114,514,0,0,1,2,3,0,0,-2,-2,2,3,19,19,810,0.0,0.0,0.0,0.0,0.0,0.0,100,0,0
114,514,0,2,0,114,514,114,514,0,0,1,2,3,0,0,-2,0,0,-2,19,19,810,0.0,0.0,0.0,0.0,0.0,0.0,100,0,0
114,514,0,-1,0,114,514,114,514,0,0,1,2,3,0,0,-2,-1,3,14,19,19,810,0.0,0.0,0.0,0.0,0.0,0.0,100,0,0
114,514,0,12,0,114,514,114,514,0,0,1,2,3,0,0,-2,-3,0,-3,19,19,810,0.0,0.0,0.0,0.0,0.0,0.0,100,0,0
114,514,0,52,0,114,514,114,514,0,0,1,2,3,0,0,-2,0,-4,3,19,19,810,0.0,0.0,0.0,0.0,0.0,0.0,100,0,0
114,514,0,73,0,114,514,114,514,0,0,1,2,3,0,0,-2,-1,1,3,19,19,810,0.0,0.0,0.0,0.0,0.0,0.0,100,0,0
114,514,0,4,0,114,514,114,514,0,0,1,2,3,0,0,-2,-2,1,-7,19,19,810,0.0,0.0,0.0,0.0,0.0,0.0,100,0,0
114,514,0,0,0,114,514,114,514,0,0,1,2,3,0,0,-2,-1,-1,-1,19,19,810,0.0,0.0,0.0,0.0,0.0,0.0,100,0,0
114,514,0,40,0,114,514,114,514,0,0,1,2,3,0,0,-2,-2,0,5,19,19,810,0.0,0.0,0.0,0.0,0.0,0.0,100,0,0
114,514,0,99,0,114,514,114,514,0,0,1,2,3,0,0,-2,-12,1,4,19,19,810,0.0,0.0,0.0,0.0,0.0,0.0,100,0,0
114,514,0,71,0,114,514,114,514,0,0,1,2,3,0,0,-2,-3,-2,5,19,19,810,0.0,0.0,0.0,0.0,0.0,0.0,100,0,0
114,514,0,8,0,114,514,114,514,0,0,1,2,3,0,0,-2,0,1,-5,19,19,810,0.0,0.0,0.0,0.0,0.0,0.0,100,0,0
114,514,0,1,0,114,514,114,514,0,0,1,2,3,0,0,-2,1,8,-36,19,19,810,0.0,0.0,0.0,0.0,0.0,0.0,100,0,0
114,514,0,64,0,114,514,114,514,0,0,1,2,3,0,0,-2,-3,0,-4,19,19,810,0.0,0.0,0.0,0.0,0.0,0.0,100,0,0
114,514,0,47,0,114,514,114,514,0,0,1,2,3,0,0,-2,-1,1,4,19,19,810,0.0,0.0,0.0,0.0,0.0,0.0,100,0,0
114,514,0,0,0,114,514,114,514,0,0,1,2,3,0,0,-2,0,-2,0,19,19,810,0.0,0.0,0.0,0.0,0.0,0.0,100,0,0
114,514,0,12,0,114,514,114,514,0,0,1,2,3,0,0,-2,9,1,-7,19,19,810,0.0,0.0,0.0,0.0,0.0,0.0,100,0,0
114,514,0,2,0,114,514,114,514,0,0,1,2,3,0,0,-2,-2,-3,1,19,19,810,0.0,0.0,0.0,0.0,0.0,0.0,100,0,0
114,514,0,6,0,114,514,114,514,0,0,1,2,3,0,0,-2,0,-3,0,19,19,810,0.0,0.0,0.0,0.0,0.0,0.0,100,0,0
114,514,0,69,0,114,514,114,514,0,0,1,2,3,0,0,-3,2,-8,26,19,19,810,0.0,0.0,0.0,0.0,0.0,0.0,100,0,0
114,514,0,117,0,114,514,114,514,0,0,1,2,3,0,0,-2,3,-10,47,19,19,810,0.0,0.0,0.0,0.0,0.0,0.0,100,0,0
114,514,0,32,0,114,514,114,514,0,0,1,2,3,0,0,-2,2,-2,0,19,19,810,0.0,0.0,0.0,0.0,0.0,0.0,100,0,0
114,514,0,-23,0,114,514,114,514,0,0,1,2,3,0,0,-3,-8,-4,4,19,19,810,0.0,0.0,0.0,0.0,0.0,0.0,100,0,0
114,514,0,-131,0,114,514,114,514,0,0,1,2,3,0,0,-3,2,4,-10,19,19,810,0.0,0.0,0.0,0.0,0.0,0.0,100,0,0
114,514,0,-78,0,114,514,114,514,0,0,1,2,3,0,0,-2,-1,-5,9,19,19,810,0.0,0.0,0.0,0.0,0.0,0.0,100,0,0
114,514,0,3,0,114,514,114,514,0,0,1,2,3,0,0,-2,0,0,-4,19,19,810,0.0,0.0,0.0,0.0,0.0,0.0,100,0,0
114,514,0,0,0,114,514,114,514,0,0,1,2,3,0,0,-2,0,0,2,19,19,810,0.0,0.0,0.0,0.0,0.0,0.0,100,0,0
114,514,0,0,0,114,514,114,514,0,0,1,2,3,0,0,-2,0,6,-6,19,19,810,0.0,0.0,0.0,0.0,0.0,0.0,100,0,0
114,514,0,15,0,114,514,114,514,0,0,1,2,3,0,0,-2,-2,-3,-4,19,19,810,0.0,0.0,0.0,0.0,0.0,0.0,100,0,0
114,514,0,98,0,114,514,114,514,0,0,1,2,3,0,0,-2,1,7,-25,19,19,810,0.0,0.0,0.0,0.0,0.0,0.0,100,0,0
114,514,0,128,0,114,514,114,514,0,0,1,2,3,0,0,-2,-3,0,8,19,19,810,0.0,0.0,0.0,0.0,0.0,0.0,100,0,0
114,514,0,26,0,114,514,114,514,0,0,1,2,3,0,0,-2,-1,-1,3,19,19,810,0.0,0.0,0.0,0.0,0.0,0.0,100,0,0
114,514,0,0,0,114,514,114,514,0,0,1,2,3,0,0,-2,0,-4,3,19,19,810,0.0,0.0,0.0,0.0,0.0,0.0,100,0,0
114,514,0,-17,0,114,514,114,514,0,0,1,2,3,0,0,-2,-1,-3,-15,19,19,810,0.0,0.0,0.0,0.0,0.0,0.0,100,0,0
114,514,0,-122,0,114,514,114,514,0,0,1,2,3,0,1,-2,-1,3,4,19,19,810,0.0,0.0,0.0,0.0,0.0,0.0,100,0,0
114,514,0,-108,0,114,514,114,514,0,0,1,2,3,0,0,-2,-4,0,1,19,19,810,0.0,0.0,0.0,0.0,0.0,0.0,100,0,0
114,514,0,-3,0,114,514,114,514,0,0,1,2,3,0,0,-2,0,3,-2,19,19,810,0.0,0.0,0.0,0.0,0.0,0.0,100,0,0
114,514,0,0,0,114,514,114,514,0,0,1,2,3,0,0,-2,-1,0,0,19,19,810,0.0,0.0,0.0,0.0,0.0,0.0,100,0,0
114,514,0,0,0,114,514,114,514,0,0,1,2,3,0,0,-2,-1,0,0,19,19,810,0.0,0.0,0.0,0.0,0.0,0.0,100,0,0
114,514,0,0,0,114,514,114,514,0,0,1,2,3,0,0,-2,-1,0,0,19,19,810,0.0,0.0,0.0,0.0,0.0,0.0,100,0,0
114,514,0,0,0,114,514,114,514,0,0,1,2,3,0,0,-2,-1,0,0,19,19,810,0.0,0.0,0.0,0.0,0.0,0.0,100,0,0
114,514,0,0,0,114,514,114,514,0,0,1,2,3,0,0,-2,-1,0,0,19,19,810,0.0,0.0,0.0,0.0,0.0,0.0,100,0,0
114,514,0,0,0,114,514,114,514,0,0,1,2,3,0,0,-2,-1,0,0,19,19,810,0.0,0.0,0.0,0.0,0.0,0.0,100,0,0
114,514,0,0,0,114,514,114,514,0,0,1,2,3,0,0,-2,-1,0,0,19,19,810,0.0,0.0,0.0,0.0,0.0,0.0,100,0,0
114,514,0,0,0,114,514,114,514,0,0,1,2,3,0,0,-2,-1,0,0,19,19,810,0.0,0.0,0.0,0.0,0.0,0.0,100,0,0
114,514,0,0,0,114,514,114,514,0,0,1,2,3,0,0,-2,-1,0,0,19,19,810,0.0,0.0,0.0,0.0,0.0,0.0,100,0,0
114,514,0,0,0,114,514,114,514,0,0,1,2,3,0,0,-2,-1,0,0,19,19,810,0.0,0.0,0.0,0.0,0.0,0.0,100,0,0
114,514,0,0,0,114,514,114,514,0,0,1,2,3,0,0,-2,-1,0,0,19,19,810,0.0,0.0,0.0,0.0,0.0,0.0,100,0,0
114,514,0,0,0,114,514,114,514,0,0,1,2,3,0,0,-2,-1,0,0,19,19,810,0.0,0.0,0.0,0.0,0.0,0.0,100,0,0
114,514,0,0,0,114,514,114,514,0,0,1,2,3,0,0,-2,-1,0,0,19,19,810,0.0,0.0,0.0,0.0,0.0,0.0,100,0,0
114,514,0,0,0,114,514,114,514,0,0,1,2,3,0,0,-2,-1,0,0,19,19,810,0.0,0.0,0.0,0.0,0.0,0.0,100,0,0
114,514,0,0,0,114,514,114,514,0,0,1,2,3,0,0,-2,-1,0,0,19,19,810,0.0,0.0,0.0,0.0,0.0,0.0,100,0,0
114,514,0,0,0,114,514,114,514,0,0,1,2,3,0,0,-2,-1,0,0,19,19,810,0.0,0.0,0.0,0.0,0.0,0.0,100,0,0
114,514,0,0,0,114,514,114,514,0,0,1,2,3,0,0,-2,-1,0,0,19,19,810,0.0,0.0,0.0,0.0,0.0,0.0,100,0,0
114,514,0,0,0,114,514,114,514,0,0,1,2,3,0,0,-2,-1,0,0,19,19,810,0.0,0.0,0.0,0.0,0.0,0.0,100,0,0
114,514,0,0,0,114,514,114,514,0,0,1,2,3,0,0,-2,-1,0,0,19,19,810,0.0,0.0,0.0,0.0,0.0,0.0,100,0,0
114,514,0,0,0,114,514,114,514,0,0,1,2,3,0,0,-2,-1,0,0,19,19,810,0.0,0.0,0.0,0.0,0.0,0.0,100,0,0
114,514,0,0,0,114,514,114,514,0,0,1,2,3,0,0,-2,-1,0,0,19,19,810,0.0,0.0,0.0,0.0,0.0,0.0,100,0,0
114,514,0,0,0,114,514,114,514,0,0,1,2,3,0,0,-2,-1,0,0,19,19,810,0.0,0.0,0.0,0.0,0.0,0.0,100,0,0
114,514,0,0,0,114,514,114,514,0,0,1,2,3,0,0,-2,-1,0,0,19,19,810,0.0,0.0,0.0,0.0,0.0,0.0,100,0,0
114,514,0,0,0,114,514,114,514,0,0,1,2,3,0,0,-2,-1,0,0,19,19,810,0.0,0.0,0.0,0.0,0.0,0.0,100,0,0
